
  2.77777777778  2.77949002510  2.78462676708  2.79318800370  2.80517373497  2.82058396089  2.83941868146  2.86167789668  2.88736160655  2.91646981107  2.94900251024  2.98495970406  3.02434139252  3.06714757564  3.11337825340  3.16303342582  3.21611309288  3.27261725459  3.33254591095  3.39589906196  3.46267670762  3.53287884793  3.60650548289  3.68355661250  3.76403223676  3.84793235566  3.93525696922  4.02600607742  4.12017968028  4.21777777778
  2.77896683842  2.78251627560  2.78817720631  2.79714657715  2.80946196342  2.82514328424  2.84420265149  2.86664813573  2.89248544173  2.92171874971  2.95435117833  2.99038505668  3.02982209130  3.07266347064  3.11890992917  3.16856178310  3.22161894338  3.27808090803  3.33794673185  3.40121496788  3.46788356811  3.53794971993  3.61140957088  3.68825774217  3.76848639972  3.85208328373  3.93902692315  4.02927298855  4.12270813339  4.21896683842
  2.78253402035  2.78663793958  2.79276345105  2.80211486218  2.81474607075  2.83069007546  2.84996848484  2.87259627650  2.89858427568  2.92794052143  2.96067106208  2.99678043987  3.03627199534  3.07914806085  3.12541008059  3.17505867786  3.22809367996  3.28451410392  3.34431810005  3.40750284330  3.47406435130  3.54399718991  3.61729399213  3.69394464542  3.77393484997  3.85724340952  3.94383685913  4.03365859455  4.12660911419  4.22253402035
  2.78847932356  2.79302855961  2.79955393223  2.80924995469  2.82217406984  2.83836575256  2.85785280298  2.88065538457  2.90678849431  2.93626347760  2.96908897600  3.00527153340  3.04481599007  3.08772573885  3.13400288693  3.18364834747  3.23666187403  3.29304204177  3.35278617203  3.41589018803  3.48234837748  3.55215301883  3.62529379488  3.70175686056  3.78152333171  3.86456680627  3.95084937456  4.04031587826  4.13288899329  4.22847932356
  2.79680274805  2.80171970217  2.80858701783  2.81858776081  2.83177736949  2.84819742465  2.86787911376  2.89084607077  2.91711641235  2.94670413215  2.97962004395  3.01587241973  3.05546742145  3.09840939021  3.14470103250  3.19434352745  3.24733656792  3.30367833962  3.36336543510  3.42639269066  3.49275292373  3.56243653249  3.63543089696  3.71171948896  3.79128056141  3.87408527711  3.96009526837  4.04926023757  4.14151802855  4.23680274805
  2.80750429383  2.81272926659  2.81988855685  2.83015552160  2.84358174833  2.86020851806  2.88006843347  2.90318718495  2.92958504062  2.95927798741  2.99227856825  3.02859648330  3.06823901545  3.11121132469  3.15751664235  3.20715638502  3.26013019930  3.31643594124  3.37606958779  3.43902507078  3.50529401535  3.57486535533  3.64772478607  3.72385400645  3.80322970598  3.88582230694  3.97159465000  4.06050124861  4.15248947466  4.24750429383
  2.82058396089  2.82606839460  2.83347643326  2.84397379524  2.85760797276  2.87441881640  2.89443911765  2.91769558862  2.94420985640  2.97399931992  3.00707783360  3.04345623041  3.08314270971  3.12614311548  3.17246112477  3.22209836058  3.27505443753  3.33132694344  3.39091135505  3.45380088128  3.51998622216  3.58945522705  3.66219243312  3.73817846960  3.81738933621  3.89979562744  3.98536191005  4.07404668527  4.16580356456  4.26058396089
  2.83604174924  2.84174452546  2.84936339095  2.86005816960  2.87387262401  2.89084476981  2.91100690696  2.93438607867  2.96100467610  2.99088103527  3.02402995900  3.06046314360  3.10018951178  3.14321546061  3.18954503446  3.23918003103  3.29212004577  3.34836245677  3.40790234943  3.47073237715  3.53684255220  3.60621996000  3.67884839324  3.75470791259  3.83377436665  3.91601895443  4.00140799507  4.08990316105  4.18146243441  4.27604174924
  2.85387765887  2.85976287844  2.86755874260  2.87842054735  2.89238887906  2.90949989661  2.92978508979  2.95327141296  2.97998160677  3.00993458197  3.04314579338  3.07962756951  3.11938938422  3.16243806754  3.20877795755  3.25841099583  3.31133676911  3.36755249808  3.42705297354  3.48983043864  3.55587441623  3.62517148192  3.69770498898  3.77345476287  3.85239680496  3.93450307865  4.01974149351  4.10807622923  4.19946849782  4.29387765887
  2.87409168979  2.88012723458  2.88806941360  2.89907005967  2.91316715849  2.93039518003  2.95078471109  2.97436239370  3.00115105157  3.03116991037  3.06443484808  3.10095863676  3.14075115494  3.18381956025  3.23016841812  3.27979978512  3.33271324698  3.38890591139  3.44837235629  3.51110453450  3.57709163704  3.64631992075  3.71877251159  3.79442920564  3.87326630545  3.95525654994  4.04036921406  4.12857045548  4.21982394165  4.31409168979
  2.89668384199  2.90284037887  2.91090059397  2.92201370255  2.93621563120  2.95353941603  2.97401478371  2.99766797613  3.02452174701  3.05459546315  3.08790525776  3.12446419899  3.16428245014  3.20736740704  3.25372380459  3.30335378802  3.35625694698  3.41243031212  3.47186831473  3.53456271217  3.60050248343  3.66967370315  3.74205940816  3.81763947876  3.89639056747  3.97828611941  4.06329653427  4.15138951213  4.24253059261  4.33668384199
  2.92165411547  2.92790436409  2.93605615427  2.94725677650  2.96154059344  2.97893949822  2.99948247915  3.02319538033  3.05010081517  3.08021818517  3.11356376167  3.15015079769  3.18998964586  3.23308786628  3.27945031380  3.32907919859  3.38197411672  3.43813204967  3.49754733398  3.56021160409  3.62611371435  3.69523964991  3.76757244098  3.84309210151  3.92177561985  4.00359703482  4.08852763075  4.17653627567  4.26758990427  4.36165411547
  2.94900251024  2.95532067406  2.96353891494  2.97480318808  2.98914674547  3.00660063963  3.02719328668  3.05095019300  3.07789381871  3.10804354315  3.14141569815  3.17802363971  3.21787783492  3.26098594747  3.30735291013  3.35698097681  3.40986975026  3.46601618395  3.52541455932  3.58805644202  3.65393062372  3.72302305957  3.79531681578  3.87079204637  3.94942602277  4.03119324205  4.11606563827  4.20401291207  4.29500297822  4.38900251024
  2.97872902629  2.98509032577  2.99335082030  3.00465565288  3.01903738669  3.03652653700  3.05715113757  3.08093645191  3.10790481076  3.13807554819  3.17146500683  3.20808658521  3.24795080551  3.29106538470  3.33743529730  3.38706282175  3.43994756615  3.49608647175  3.55547379529  3.61810107406  3.68395708046  3.75302777605  3.82529627916  3.90074286341  3.97934500803  4.06107752169  4.14591275920  4.23382094311  4.32477058996  4.41872902629
  3.01083366363  3.01721393177  3.02549304690  3.03681582582  3.05121454507  3.06871948383  3.08935849403  3.11315670909  3.14013637476  3.17031677631  3.20371423414  3.24034214236  3.28021102881  3.32332862019  3.36969990050  3.41932715485  3.47220999431  3.52834536015  3.58772750867  3.65034798039  3.71619556026  3.78525623885  3.85751318759  3.93294676474  4.01153457139  4.09325157727  4.17807033466  4.26596129200  4.35689320921  4.45083366363
  3.04531642225  3.05169173375  3.05996606298  3.07128437419  3.08567905186  3.10318043767  3.12381640390  3.14761207141  3.17458965153  3.20476838370  3.23816453938  3.27479146654  3.31465965344  3.35777679594  3.40414785709  3.45377511144  3.50665817006  3.56279398478  3.62217683285  3.68479828563  3.75064716765  3.81970951562  3.89196854991  3.96740467462  4.04599552523  4.12771608407  4.21253888303  4.30043430807  4.39137101119  4.48531642225
  3.08217730215  3.08852361315  3.09676964756  3.10806100206  3.12243056776  3.13990904505  3.16052452247  3.18430221804  3.21126435206  3.24143011533  3.27481569957  3.31143436226  3.35129650531  3.39440975243  3.44077901490  3.49040653935  3.54329193387  3.59943217155  3.65882157234  3.72145176681  3.78731164760  3.85638731735  3.92866204529  4.00411624830  4.08272751608  4.16447070276  4.24931810837  4.33723977037  4.42820387733  4.52217730215
  3.12141630334  3.12770907991  3.13590287140  3.14714442835  3.16146756258  3.17890362560  3.19948110188  3.22322539493  3.25015875602  3.28030030632  3.31366611264  3.35026928738  3.39012009242  3.43322603359  3.47959193726  3.52922000394  3.58210983638  3.63825844145  3.69766020699  3.76030685651  3.82618738689  3.89528799688  3.96759201771  4.04307986157  4.12172900873  4.20351405916  4.28840687854  4.37637686853  4.46739138407  4.56141630334
  3.16303342582  3.16924723715  3.17736403630  3.18853231551  3.20278724656  3.22016111462  3.24068294861  3.26437838705  3.29126969677  3.32137587669  3.35471279938  3.39129335997  3.43112761468  3.47422289830  3.52058391505  3.57021279984  3.62310914874  3.67927001849  3.73868989626  3.80136064179  3.86727140587  3.93640853150  4.00875544771  4.08429257096  4.16299723624  4.24484368795  4.32980316976  4.41784415771  4.50893277733  4.60303342582
  3.20702866957  3.21313671477  3.22115056270  3.23222113950  3.24638544732  3.26367696161  3.28412534896  3.30775646987  3.33459253465  3.36465232174  3.39795140592  3.43450236896  3.47431497982  3.51739633911  3.56375098637  3.61338096980  3.66628587906  3.72246284180  3.78190648470  3.84460886033  3.91055934202  3.97974449079  4.05214790190  4.12775004400  4.20652811305  4.28845593552  4.37350397122  4.46163948085  4.55282692851  4.64702866957
  3.25340203462  3.25937555797  3.26725880554  3.27820598419  3.29225642212  3.30944498104  3.32980196320  3.35335334293  3.38012112232  3.41012370085  3.44337620929  3.47989079089  3.51967682695  3.56274110951  3.60908796495  3.65871933196  3.71163479624  3.76783158340  3.82730451042  3.89004589571  3.95604542752  4.02528999151  4.09776346082  4.17344645775  4.25231610647  4.33434581356  4.41950513858  4.50775984742  4.59907226504  4.69340203462
  3.30215352094  3.30796104350  3.31568376328  3.32648023269  3.34039259138  3.35745715188  3.37770469127  3.40116105071  3.42784776745  3.45778263004  3.49098013002  3.52745181546  3.56720656010  3.61025076154  3.65658847886  3.70622151715  3.75914946311  3.81536967397  3.87487721948  3.93766477528  4.00372246430  4.07303764260  4.14559462672  4.22137436434  4.30035406022  4.38250679097  4.46780117885  4.55620124991  4.64766666288  4.74215352094
  3.35328312855  3.35888937064  3.36641861744  3.37703511414  3.39078417671  3.40770336596  3.42782351747  3.45116990032  3.47776320138  3.50762028457  3.54075475668  3.57717738370  3.61689639421  3.65991769573  3.70624502144  3.75588001802  3.80882228089  3.86506933919  3.92461658952  3.98745717483  4.05358180150  4.12297848528  4.19563221489  4.27152452309  4.35063296280  4.43293050713  4.51838493962  4.60695838754  4.69860727958  4.79328312855
  3.40679085745  3.41215511748  3.41945399282  3.42985904753  3.44341873021  3.46017113475  3.48014635054  3.50336839105  3.52985656546  3.55962642018  3.59269038811  3.62905824249  3.66873741646  3.71173322564  3.75804901622  3.80768625203  3.86064454770  3.91692165020  3.97651336714  4.03941343579  4.10561332242  4.17510193610  4.24786523555  4.32388570248  4.40314165457  4.48560638489  4.57124716234  4.66002424484  4.75189028744  4.84679085745
  3.46267670762  3.46775022111  3.47477674390  3.48493671190  3.49828056071  3.51484528527  3.53465888940  3.55774317853  3.58411543026  3.61378942265  3.64677609951  3.68308401939  3.72271966547  3.76568765859  3.81199089749  3.86163064017  3.91460653320  3.97091659126  4.03055712388  4.09352260204  4.15980545059  4.22939574497  4.30228077966  4.37844446238  4.45786647319  4.54052111932  4.62637584029  4.71538943566  4.80751042919  4.90267670762
  3.52094067909  3.52566190791  3.53236793603  3.54224779269  3.55535011684  3.57170771441  3.59134456433  3.61427910383  3.64052586485  3.67009639511  3.70299983751  3.73924332074  3.77883223005  3.82177039411  3.86806020776  3.91770270272  3.97069757182  4.02704314822  4.08673633610  4.14977248422  4.21614518669  4.28584598499  4.35886393002  4.43518493953  4.51479085117  4.59765802446  4.68375530025  4.77304115578  4.86546023430  4.96094067909
  3.58158277183  3.58586810147  3.59219952520  3.60176549357  3.61460351122  3.63073732986  3.65018462202  3.67295932032  3.69907257146  3.72853329041  3.76134854794  3.79752385476  3.83706336857  3.87997004049  3.92624571243  3.97589117297  4.02890617566  4.08528942027  4.14503849339  4.20814975997  4.27461819030  4.34443709599  4.41759773063  4.49408867960  4.57389490901  4.65699624766  4.74336491343  4.83296147123  4.92572853515  5.02158277183
  3.64460298586  3.64832623593  3.65422934741  3.66345538264  3.67601259965  3.69191036682  3.71115842584  3.73376554224  3.75973909259  3.78908509001  3.82180833583  3.85791257899  3.89740064791  3.94027454860  3.98653553123  4.03618412850  4.08922016771  4.14564275649  4.20545023917  4.26864011704  4.33520891988  4.40515200682  4.47846325787  4.55513458643  4.63515514133  4.71850993841  4.80517737959  4.89512449091  4.98829741054  5.08460298586
  3.71000132118  3.71294341729  3.71839602822  3.72727639562  3.73954630619  3.75520125688  3.77424399565  3.79667840755  3.82250808137  3.85173602303  3.88436465372  3.92039586907  3.95983110007  4.00267136135  4.04891728475  4.09856913868  4.15162683410  4.20808991680  4.26795754425  4.33122844327  4.39790084143  4.46797235958  4.54143984270  4.61829908634  4.69854437236  4.78216762650  4.86915674163  4.95949181046  5.05313527508  5.15000132118
  3.77777777778  3.77949002510  3.78462676708  3.79318800370  3.80517373497  3.82058396089  3.83941868146  3.86167789668  3.88736160655  3.91646981107  3.94900251024  3.98495970406  4.02434139252  4.06714757564  4.11337825340  4.16303342582  4.21611309288  4.27261725459  4.33254591095  4.39589906196  4.46267670762  4.53287884793  4.60650548289  4.68355661250  4.76403223676  4.84793235566  4.93525696922  5.02600607742  5.12017968028  5.21777777778
