
  3.44444444444  3.44615669177  3.45129343374  3.45985467037  3.47184040164  3.48725062756  3.50608534813  3.52834456335  3.55402827322  3.58313647774  3.61566917691  3.65162637072  3.69100805919  3.73381424230  3.78004492007  3.82970009248  3.88277975955  3.93928392126  3.99921257762  4.06256572863  4.12934337429  4.19954551460  4.27317214956  4.35022327917  4.43069890342  4.51459902233  4.60192363588  4.69267274409  4.78684634694  4.88444444444
  3.44563350509  3.44918294342  3.45484387526  3.46381324720  3.47612863454  3.49180995638  3.51086932457  3.53331480969  3.55915211648  3.58838542516  3.62101785437  3.65705173320  3.69648876818  3.73933014777  3.78557660643  3.83522846036  3.88828562052  3.94474758492  4.00461340838  4.06788164392  4.13455024356  4.20461639468  4.27807624485  4.35492441526  4.43515307185  4.51874995485  4.60569359321  4.69593965749  4.78937480121  4.88563350509
  3.44920068701  3.45330460853  3.45943012225  3.46878153558  3.48141274627  3.49735675300  3.51663516427  3.53926295767  3.56525095842  3.59460720555  3.62733774738  3.66344712613  3.70293868233  3.74581474833  3.79207676831  3.84172536558  3.89476036744  3.95118079090  4.01098478630  4.07416952860  4.14073103542  4.21066387265  4.28396067330  4.36061132485  4.44060152751  4.52391008504  4.61050353253  4.70032526575  4.79327578314  4.88920068701
  3.45514599022  3.45969522967  3.46622060563  3.47591663136  3.48884074966  3.50503243538  3.52451948860  3.54732207278  3.57345518485  3.60293017019  3.63575567034  3.67193822917  3.71148268692  3.75439243643  3.80066958488  3.85031504542  3.90332857161  3.95970873862  4.01945286780  4.08255688237  4.14901507008  4.21881970937  4.29196048309  4.36842354618  4.44819001453  4.53123348609  4.61751605122  4.70698255166  4.79955566335  4.89514599022
  3.46346941472  3.46838637329  3.47525369335  3.48525444063  3.49844405345  3.51486411256  3.53454580536  3.55751276577  3.58378311041  3.61337083291  3.64628674702  3.68253912467  3.72213412781  3.76507609753  3.81136774029  3.86101023525  3.91400327524  3.97034504598  4.03003214003  4.09305939372  4.15941962449  4.22910323055  4.30209759196  4.37838618055  4.45794724932  4.54075196107  4.62676194819  4.71592691309  4.80818469967  4.90346941472
  3.47417096050  3.47939593873  3.48655523439  3.49682220442  3.51024843623  3.52687521080  3.54673513074  3.56985388640  3.59625174583  3.62594469594  3.65894527960  3.69526319695  3.73490573085  3.77787804127  3.82418335952  3.87382310219  3.92679691588  3.98310265664  4.04273630144  4.10569178213  4.17196072388  4.24153206054  4.31439148752  4.39052070372  4.46989639872  4.55248899485  4.63826133281  4.72716792615  4.81915614680  4.91417096050
  3.48725062756  3.49273506768  3.50014311268  3.51064048086  3.52427466435  3.54108551367  3.56110582025  3.58436229611  3.61087656832  3.64066603572  3.67374455272  3.71012295223  3.74980943358  3.79280984073  3.83912785072  3.88876508653  3.94172116279  3.99799366731  4.05757807687  4.12046760040  4.18665293796  4.25612193896  4.32885914062  4.40484517220  4.48405603348  4.56646231903  4.65202859567  4.74071336470  4.83247023764  4.92725062756
  3.50270841591  3.50841119942  3.51603007212  3.52672485781  3.54053931901  3.55751147125  3.57767361446  3.60105279174  3.62767139419  3.65754775778  3.69069668528  3.72712987294  3.76685624346  3.80988219385  3.85621176849  3.90584676506  3.95878677901  4.01502918844  4.07456907877  4.13739910343  4.20350927471  4.27288667809  4.34551510630  4.42137462008  4.50044106810  4.58268564943  4.66807468328  4.75656984222  4.84812910837  4.94270841591
  3.52054432554  3.52642955319  3.53422542534  3.54508723789  3.55905557712  3.57616660182  3.59645180171  3.61993813105  3.64664833043  3.67660131052  3.70981252611  3.74629430564  3.78605612293  3.82910480799  3.87544469887  3.92507773716  3.97800350956  4.03421923679  4.09371970966  4.15649717136  4.22254114478  4.29183820557  4.36437170706  4.44012147479  4.51906351017  4.60116977671  4.68640818405  4.77474291197  4.86613517257  4.96054432554
  3.54075835645  3.54679391003  3.55473609773  3.56573675226  3.57983385925  3.59706188855  3.61745142689  3.64102911621  3.66781778012  3.69783664424  3.73110158648  3.76762537886  3.80741789985  3.85048630705  3.89683516586  3.94646653287  3.99937999378  4.05557265630  4.11503909839  4.17777127290  4.24375837091  4.31298664930  4.38543923410  4.46109592144  4.53993301398  4.62192325070  4.70703590666  4.79523713960  4.88649061709  4.98075835645
  3.56335050865  3.56950705491  3.57756727927  3.58868039689  3.60288233426  3.62020612739  3.64068150283  3.66433470241  3.69118847974  3.72126220156  3.75457200101  3.79113094618  3.83094920032  3.87403415924  3.92039055781  3.97002054123  4.02292369918  4.07909706230  4.13853506191  4.20122945542  4.26716922184  4.33634043587  4.40872613443  4.48430619788  4.56305727882  4.64495282247  4.72996322861  4.81805619743  4.90919726865  5.00335050865
  3.58832078214  3.59457104061  3.60272284053  3.61392347227  3.62820729837  3.64560621188  3.66614920097  3.68986210967  3.71676755130  3.74688492727  3.78023050886  3.81681754902  3.85665640034  3.89975462288  3.94611707146  3.99574595626  4.04864087332  4.10479880415  4.16421408531  4.22687835127  4.29278045645  4.36190638603  4.43423917032  4.50975882333  4.58844233350  4.67026373976  4.75519432652  4.84320296193  4.93425658079  5.02832078214
  3.61566917691  3.62198735094  3.63020560193  3.64146988493  3.65581345183  3.67326735503  3.69386001055  3.71761692468  3.74456055742  3.77471028805  3.80808244833  3.84469039419  3.88454459267  3.92765270742  3.97401967118  4.02364773786  4.07653651021  4.13268294170  4.19208131380  4.25472319220  4.32059736863  4.38968979828  4.46198354745  4.53745877024  4.61609273817  4.69785994841  4.78273233512  4.87067959906  4.96166965510  5.05566917691
  3.64539569296  3.65175700291  3.66001750778  3.67132235046  3.68570409400  3.70319325357  3.72381786283  3.74760318516  3.77457155121  3.80474229499  3.83813175903  3.87475334181  3.91461756545  3.95773214691  4.00410206064  4.05372958508  4.10661432835  4.16275323170  4.22214055189  4.28476782626  4.35062382725  4.41969451650  4.49196301240  4.56740958866  4.64601172461  4.72774422900  4.81257945677  4.90048763059  4.99143726709  5.08539569296
  3.67750033029  3.68388060903  3.69215973463  3.70348252377  3.71788125287  3.73538620100  3.75602521998  3.77982344312  3.80680311609  3.83698352405  3.87038098736  3.90700890003  3.94687778986  3.98999538352  4.03636666498  4.08599391933  4.13887675764  4.19501212121  4.25439426634  4.31701473360  4.38286230801  4.45192298018  4.52417992162  4.59961349069  4.67820128856  4.75991828507  4.84473703260  4.93262797972  5.02355988647  5.11750033030
  3.71198308892  3.71835841101  3.72663275070  3.73795107214  3.75234575966  3.76984715484  3.79048312985  3.81427880544  3.84125639286  3.87143513144  3.90483129260  3.94145822421  3.98132641449  4.02444355928  4.07081462157  4.12044187593  4.17332493339  4.22946074583  4.28884359052  4.35146503884  4.41731391539  4.48637625695  4.55863528394  4.63407140057  4.71266224240  4.79438279187  4.87920558097  4.96710099580  5.05803768845  5.15198308892
  3.74884396882  3.75519029029  3.76343633504  3.77472769964  3.78909727508  3.80657576162  3.82719124772  3.85096895129  3.87793109251  3.90809686213  3.94148245177  3.97810111886  4.01796326526  4.06107651463  4.10744577824  4.15707330268  4.20995869608  4.26609893150  4.32548832894  4.38811851901  4.45397839439  4.52305405780  4.59532877853  4.67078297356  4.74939423266  4.83113741008  4.91598480595  5.00390645784  5.09487055447  5.18884396882
  3.78808297001  3.79437575680  3.80256955838  3.81381112520  3.82813426894  3.84557034100  3.86614782575  3.88989212661  3.91682549473  3.94696705122  3.98033286282  4.01693604186  4.05678685017  4.09989279354  4.14625869831  4.19588676500  4.24877659633  4.30492519920  4.36432696147  4.42697360669  4.49285413180  4.56195473559  4.63425874938  4.70974658544  4.78839572413  4.87018076552  4.95507357539  5.04304355552  5.13405806096  5.22808297001
  3.82970009248  3.83591391367  3.84403072256  3.85519901128  3.86945395150  3.88682782827  3.90734967043  3.93104511639  3.95793643289  3.98804261879  4.02137954656  4.05796011130  4.09779436916  4.14088965490  4.18725067272  4.23687955751  4.28977590534  4.34593677297  4.40535664759  4.46802738898  4.53393814797  4.60307526763  4.67542217705  4.75095929278  4.82966394989  4.91151039288  4.99646986553  5.08451084396  5.17559945385  5.26970009248
  3.87369533624  3.87980339081  3.88781724800  3.89888783384  3.91305215038  3.93034367297  3.95079206808  3.97442319615  4.00125926738  4.03131906014  4.06461814916  4.10116911615  4.14098173000  4.18406309131  4.23041773959  4.28004772301  4.33295263126  4.38912959198  4.44857323188  4.51127560358  4.57722608042  4.64641122352  4.71881462817  4.79441676312  4.87319482440  4.95512263858  5.04017066556  5.12830616615  5.21949360455  5.31369533624
  3.92006870128  3.92604223342  3.93392548966  3.94487267678  3.95892312288  3.97611168957  3.99646867900  4.02002006543  4.04678785088  4.07679043472  4.11004294769  4.14655753299  4.18634357186  4.22940785631  4.27575471270  4.32538607970  4.37830154304  4.43449832831  4.49397125252  4.55671263412  4.62271216139  4.69195672006  4.76443018332  4.84011317356  4.91898281500  5.00101251432  5.08617183118  5.17442653154  5.26573894048  5.36006870128
  3.96882018761  3.97462771825  3.98235044602  3.99314692323  4.00705928944  4.02412385709  4.04437140318  4.06782776879  4.09451449111  4.12444935860  4.15764686275  4.19411855158  4.23387329881  4.27691750199  4.32325522019  4.37288825848  4.42581620356  4.48203641268  4.54154395561  4.60433150801  4.67038919286  4.73970436625  4.81226134481  4.88804107626  4.96702076544  5.04917348903  5.13446786939  5.22286793265  5.31433333763  5.40882018761
  4.01994979522  4.02555604460  4.03308529861  4.04370180235  4.05745087170  4.07437006741  4.09449022496  4.11783661339  4.14442991947  4.17428700708  4.20742148295  4.24384411304  4.28356312588  4.32658442898  4.37291175548  4.42254675205  4.47548901414  4.53173607086  4.59128331886  4.65412390110  4.72024852400  4.78964520336  4.86229892795  4.93819123059  5.01729966425  5.09959720213  5.18505162783  5.27362506871  5.36527395354  5.45994979522
  4.07345752411  4.07882179057  4.08612067225  4.09652573316  4.11008542180  4.12683783203  4.14681305313  4.17003509854  4.19652327737  4.22629313599  4.25935710723  4.29572496431  4.33540414034  4.37839995090  4.42471574217  4.47435297798  4.52731127295  4.58358837407  4.64318008895  4.70608015491  4.77228003823  4.84176864801  4.91453194305  4.99055240508  5.06980835184  5.15227307648  5.23791384797  5.32669092427  5.41855696053  5.51345752411
  4.12934337429  4.13441689325  4.14144342144  4.15160339471  4.16494724862  4.18151197801  4.20132558668  4.22440987998  4.25078213547  4.28045613118  4.31344281086  4.34975073304  4.38938638087  4.43235437517  4.47865761466  4.52829735734  4.58127324978  4.63758330666  4.69722383753  4.76018931339  4.82647215911  4.89606245018  4.96894748110  5.04511115966  5.12453316594  5.20718780723  5.29304252311  5.38205611320  5.47417710132  5.56934337429
  4.18760734575  4.19232857903  4.19903461156  4.20891447251  4.22201680080  4.23837440231  4.25801125593  4.28094579882  4.30719256291  4.33676309587  4.36966654058  4.40591002567  4.44549893641  4.48843710143  4.53472691556  4.58436941052  4.63736427914  4.69370985458  4.75340304103  4.81643918728  4.88281188745  4.95251268305  5.02553062501  5.10185163112  5.18145753908  5.26432470842  5.35042198007  5.43970783130  5.53212690542  5.62760734575
  4.24824943850  4.25253477152  4.25886619860  4.26843217024  4.28127019104  4.29740401268  4.31685130765  4.33962600853  4.36573926200  4.39519998300  4.42801524228  4.46419055053  4.50373006542  4.54663673806  4.59291241038  4.64255787092  4.69557287324  4.75195611712  4.81170518916  4.87481645432  4.94128488289  5.01110378653  5.08426441884  5.16075536522  5.24056159183  5.32366292748  5.41003159010  5.49962814463  5.59239520520  5.68824943850
  4.31126965253  4.31499290487  4.32089601861  4.33012205604  4.34267927517  4.35857704436  4.37782510527  4.40043222341  4.42640577533  4.45575177413  4.48847502112  4.52457926525  4.56406733490  4.60694123608  4.65320221896  4.70285081623  4.75588685519  4.81230944347  4.87211692543  4.93530680234  5.00187560400  5.07181868956  5.14512993904  5.22180126586  5.30182181887  5.38517661393  5.47184405299  5.56179116211  5.65496407948  5.75126965253
  4.37666798785  4.37961008510  4.38506269716  4.39394306568  4.40621297731  4.42186792902  4.44091066873  4.46334508151  4.48917475613  4.51840269848  4.55103132976  4.58706254559  4.62649777696  4.66933803849  4.71558396201  4.76523581594  4.81829351123  4.87475659369  4.93462422077  4.99789511931  5.06456751688  5.13463903433  5.20810651666  5.28496575942  5.36521104449  5.44883429762  5.53582341168  5.62615847940  5.71980194289  5.81666798785
  4.44444444444  4.44615669177  4.45129343374  4.45985467037  4.47184040164  4.48725062756  4.50608534813  4.52834456335  4.55402827322  4.58313647774  4.61566917691  4.65162637072  4.69100805919  4.73381424230  4.78004492007  4.82970009248  4.88277975955  4.93928392126  4.99921257762  5.06256572863  5.12934337429  5.19954551460  5.27317214956  5.35022327917  5.43069890342  5.51459902233  5.60192363588  5.69267274409  5.78684634694  5.88444444444
