
  3.11111111111  3.11282335844  3.11796010041  3.12652133703  3.13850706831  3.15391729423  3.17275201480  3.19501123002  3.22069493989  3.24980314440  3.28233584357  3.31829303739  3.35767472586  3.40048090897  3.44671158674  3.49636675915  3.54944642621  3.60595058792  3.66587924429  3.72923239530  3.79601004096  3.86621218127  3.93983881622  4.01688994583  4.09736557009  4.18126568899  4.26859030255  4.35933941075  4.45351301361  4.55111111111
  3.11230017175  3.11584960987  3.12151054150  3.13047991325  3.14279530039  3.15847662204  3.17753599006  3.19998147502  3.22581878166  3.25505209021  3.28768451932  3.32371839806  3.36315543298  3.40599681252  3.45224327115  3.50189512508  3.55495228526  3.61141424971  3.67128007323  3.73454830887  3.80121690862  3.87128305986  3.94474291017  4.02159108075  4.10181973752  4.18541662070  4.27236025925  4.36260632374  4.45604146766  4.55230017175
  3.11586735368  3.11997127478  3.12609678808  3.13544820101  3.14807941132  3.16402341767  3.18330182859  3.20592962168  3.23191762214  3.26127386901  3.29400441063  3.33011378920  3.36960534527  3.41248141118  3.45874343112  3.50839202839  3.56142703029  3.61784745384  3.67765144938  3.74083619185  3.80739769889  3.87733053637  3.95062733731  4.02727798918  4.10726819218  4.19057675008  4.27717019796  4.36699193158  4.45994244939  4.55586735368
  3.12181265689  3.12636189571  3.13288727106  3.14258329619  3.15550741391  3.17169909908  3.19118615179  3.21398873550  3.24012184714  3.26959683210  3.30242233193  3.33860489050  3.37814934805  3.42105909743  3.46733624581  3.51698170635  3.56999523261  3.62637539975  3.68611952913  3.74922354396  3.81568173199  3.88548637166  3.95862714581  4.03509020937  4.11485667823  4.19790015035  4.28418271606  4.37364921709  4.46622232939  4.56181265689
  3.13013608138  3.13505303914  3.14192035839  3.15192110489  3.16511071695  3.18153077533  3.20121246745  3.22417942724  3.25044977132  3.28003749333  3.31295340701  3.34920578432  3.38880078720  3.43174275674  3.47803439942  3.52767689437  3.58066993445  3.63701170537  3.69669879968  3.75972605371  3.82608628490  3.89576989146  3.96876425343  4.04505284265  4.12461391209  4.20741862457  4.29342861244  4.38259357814  4.47485136552  4.57013608138
  3.14083762716  3.14606260439  3.15322189906  3.16348886812  3.17691509901  3.19354187268  3.21340179180  3.23652054669  3.26291840543  3.29261135493  3.32561193807  3.36192985500  3.40157238858  3.44454469878  3.49085001692  3.54048975959  3.59346357340  3.64976931437  3.70940295949  3.77235844060  3.83862738287  3.90819872014  3.98105814781  4.05718736477  4.13656306061  4.21915565762  4.30492799652  4.39383459083  4.48582281246  4.58083762716
  3.15391729423  3.15940173317  3.16680977701  3.17730714405  3.19094132645  3.20775217472  3.22777248033  3.25102895529  3.27754322669  3.30733269338  3.34041120977  3.37678960878  3.41647608976  3.45947649666  3.50579450651  3.55543174232  3.60838781871  3.66466032349  3.72424473342  3.78713425745  3.85331959562  3.92278859733  3.99552579979  4.07151183227  4.15072269454  4.23312898113  4.31869525886  4.40738002903  4.49913690313  4.59391729423
  3.16937508257  3.17507786475  3.18269673613  3.19339152053  3.20720598048  3.22417813154  3.24434027364  3.26771944990  3.29433805142  3.32421441421  3.35736334101  3.39379652812  3.43352289820  3.47654884831  3.52287842280  3.57251341938  3.62545343347  3.68169584319  3.74123573394  3.80406575916  3.87017593114  3.93955333532  4.01218176446  4.08804127926  4.16710772839  4.24935231090  4.33474134600  4.42323650623  4.51479577370  4.60937508257
  3.18721099221  3.19309621838  3.20089208906  3.21175390018  3.22572223803  3.24283326142  3.26311846008  3.28660478828  3.31331498664  3.34326796584  3.37647918066  3.41296095957  3.45272277638  3.49577146113  3.54211135185  3.59174439014  3.64467016270  3.70088589025  3.76038636359  3.82316382592  3.88920780010  3.95850486179  4.03103836430  4.10678813316  4.18573016977  4.26783643762  4.35307484634  4.44140957569  4.53280183776  4.62721099221
  3.20742502312  3.21346057509  3.22140276119  3.23240341417  3.24650051967  3.26372854754  3.28411808455  3.30769577264  3.33448443544  3.36450329858  3.39776823999  3.43429203169  3.47408455217  3.51715295902  3.56350181766  3.61313318467  3.66604664575  3.72223930862  3.78170575123  3.84443792641  3.91042502525  3.97965330462  4.05210589053  4.12776257910  4.20659967297  4.28858991111  4.37370256857  4.46190380307  4.55315728215  4.64742502312
  3.23001717532  3.23617371986  3.24423394252  3.25534705848  3.26954899426  3.28687278586  3.30734815988  3.33100135814  3.35785513429  3.38792885507  3.42123865363  3.45779759808  3.49761585167  3.54070081022  3.58705720860  3.63668719203  3.68959035017  3.74576371365  3.80520171381  3.86789610804  3.93383587535  4.00300709043  4.07539279017  4.15097285493  4.22972393729  4.31161948246  4.39662989020  4.48472286068  4.57586393360  4.67001717532
  3.25498744880  3.26123770547  3.26938950360  3.28059013360  3.29487395802  3.31227286993  3.33281585752  3.35652876484  3.38343420523  3.41355158010  3.44689716076  3.48348420016  3.52332305091  3.56642127306  3.61278372144  3.66241260624  3.71530752349  3.77146545471  3.83088073645  3.89354500317  3.95944710928  4.02857303996  4.10090582550  4.17642547988  4.25510899155  4.33693039941  4.42186098785  4.50986962500  4.60092324565  4.69498744880
  3.28233584357  3.28865401573  3.29687226487  3.30813654606  3.32248011122  3.33993401276  3.36052666673  3.38428357942  3.41122721088  3.44137694037  3.47474909969  3.51135704476  3.55121124263  3.59431935698  3.64068632054  3.69031438722  3.74320315977  3.79934959166  3.85874796436  3.92138984356  3.98726402095  4.05635645174  4.12865020220  4.20412542642  4.28275939590  4.36452660780  4.44939899625  4.53734626200  4.62833631989  4.72233584357
  3.31206235962  3.31842366766  3.32668417063  3.33798901146  3.35237075321  3.36985991109  3.39048451875  3.41426983961  3.44123820434  3.47140894696  3.50479841001  3.54141999198  3.58128421502  3.62439879605  3.67076870958  3.72039623402  3.77328097750  3.82941988126  3.88880720207  3.95143447725  4.01729047923  4.08636116964  4.15862966686  4.23407624458  4.31267838212  4.39441088822  4.47924611777  4.56715429344  4.65810393184  4.75206235963
  3.34416699696  3.35054727375  3.35882639743  3.37014918470  3.38454791199  3.40205285841  3.42269187577  3.44649009743  3.47346976906  3.50365017585  3.53704763815  3.57367555001  3.61354443922  3.65666203246  3.70303331371  3.75266056806  3.80554340658  3.86167877056  3.92106091632  3.98368138440  4.04952895981  4.11858963316  4.19084657593  4.26628014649  4.34486794597  4.42658494420  4.51140369353  4.59929464253  4.69022655120  4.78416699696
  3.37864975558  3.38502507573  3.39329941351  3.40461773307  3.41901241879  3.43651381225  3.45714978565  3.48094545975  3.50792304583  3.53810178324  3.57149794339  3.60812487419  3.64799306385  3.69111020822  3.73748127030  3.78710852466  3.83999158234  3.89612739519  3.95551024050  4.01813168964  4.08398056719  4.15304290993  4.22530193826  4.30073805636  4.37932889981  4.46104945099  4.54587224190  4.63376765860  4.72470435318  4.81864975558
  3.41551063549  3.42185695503  3.43010299789  3.44139436064  3.45576393429  3.47324241914  3.49385790365  3.51763560574  3.54459774564  3.57476351410  3.60814910276  3.64476776904  3.68462991482  3.72774316378  3.77411242718  3.82373995162  3.87662534522  3.93276558106  3.99215497912  4.05478516999  4.12064504637  4.18972071094  4.26199543299  4.33744962948  4.41606089017  4.49780406929  4.58265146695  4.67057312069  4.76153721921  4.85551063549
  3.45474963668  3.46104242159  3.46923622132  3.48047778634  3.49480092832  3.51223699873  3.53281448192  3.55655878135  3.58349214819  3.61363370354  3.64699951417  3.68360269243  3.72345350014  3.76655944310  3.81292534767  3.86255341435  3.91544324589  3.97159184917  4.03099361203  4.09364025804  4.15952078412  4.22862138905  4.30092540413  4.37641324162  4.45506238186  4.53684742491  4.62174023653  4.70971021846  4.80072472575  4.89474963668
  3.49636675915  3.50258057853  3.51069738564  3.52186567261  3.53612061115  3.55349448632  3.57401632698  3.59771177156  3.62460308682  3.65470927163  3.68804619846  3.72462676244  3.76446101973  3.80755630508  3.85391732270  3.90354620749  3.95644255552  4.01260342354  4.07202329873  4.13469404088  4.20060480080  4.26974192156  4.34208883222  4.41762594934  4.49633060794  4.57817705253  4.66313652686  4.75117750704  4.84226611871  4.93636675915
  3.54036200291  3.54647005576  3.55448391125  3.56555449543  3.57971881037  3.59701033144  3.61745872512  3.64108985188  3.66792592193  3.69798571365  3.73128480178  3.76783576805  3.80764838135  3.85072974229  3.89708439038  3.94671437381  3.99961928224  4.05579624333  4.11523988379  4.17794225620  4.24389273393  4.31307787807  4.38548128391  4.46108342017  4.53986148287  4.62178929858  4.70683732715  4.79497282940  4.88616026950  4.98036200291
  3.58673536795  3.59270889848  3.60059215313  3.61153933869  3.62558978329  3.64277834856  3.66313533666  3.68668672186  3.71345450620  3.74345708907  3.77670960121  3.81322418582  3.85301022418  3.89607450828  3.94242136450  3.99205273150  4.04496819501  4.10116498063  4.16063790535  4.22337928763  4.28937881573  4.35862337538  4.43109683975  4.50677983121  4.58564947399  4.66767917473  4.75283849309  4.84109319501  4.93240560554  5.02673536795
  3.63548685427  3.64129438344  3.64901710974  3.65981358552  3.67372595035  3.69079051669  3.71103806155  3.73449442603  3.76118114732  3.79111601391  3.82431351730  3.86078520551  3.90053995227  3.94358415512  3.98992187317  4.03955491145  4.09248285670  4.14870306613  4.20821060954  4.27099816256  4.33705584817  4.40637102247  4.47892800205  4.55470773463  4.63368742504  4.71584014994  4.80113453168  4.88953459637  4.98100000281  5.07548685427
  3.68661646188  3.69222270993  3.69975196262  3.71036846507  3.72411753317  3.74103672770  3.76115688414  3.78450327154  3.81109657670  3.84095366350  3.87408813869  3.91051076821  3.95022978063  3.99325108344  4.03957840979  4.08921340636  4.14215566860  4.19840272561  4.25794997403  4.32079055684  4.38691518043  4.45631186060  4.52896558611  4.60485788977  4.68396632454  4.76626386360  4.85171829054  4.94029173272  5.03194061887  5.12661646188
  3.74012419078  3.74548845606  3.75278733658  3.76319239635  3.77675208390  3.79350449308  3.81347971321  3.83670175772  3.86318993574  3.89295979364  3.92602376428  3.96239162086  4.00207079651  4.04506660682  4.09138239797  4.14101963378  4.19397792887  4.25025503024  4.30984674551  4.37274681196  4.43894669588  4.50843530638  4.58119860223  4.65721906516  4.73647501289  4.81893973858  4.90458051116  4.99335758859  5.08522362602  5.18012419078
  3.79601004096  3.80108355891  3.80811008611  3.81827005842  3.83161391139  3.84817863990  3.86799224773  3.89107654027  3.91744879507  3.94712279017  3.98010946933  4.01641739109  4.05605303860  4.09902103268  4.14532427207  4.19496401474  4.24793990729  4.30424996439  4.36389049558  4.42685597186  4.49313881811  4.56272910978  4.63561414139  4.71177782071  4.79119982782  4.87385447000  4.95970918681  5.04872277788  5.14084376698  5.23601004096
  3.85427401242  3.85899524488  3.86570127660  3.87558113677  3.88868346430  3.90504106509  3.92467791802  3.94761246029  3.97385922382  4.00342975629  4.03633320057  4.07257668532  4.11216559580  4.15510376064  4.20139357469  4.25103606964  4.30403093835  4.36037651397  4.42006970068  4.48310584727  4.54947854787  4.61917934396  4.69219728648  4.76851829322  4.84812420185  4.93099137192  5.01708864432  5.10637449635  5.19879357127  5.29427401242
  3.91491610517  3.91920143757  3.92553286404  3.93509883507  3.94793685530  3.96407067638  3.98351797084  4.00629267125  4.03240592429  4.06186664491  4.09468190387  4.13085721186  4.17039672655  4.21330339906  4.25957907131  4.30922453185  4.36223953424  4.41862277825  4.47837185049  4.54148311591  4.60795154480  4.67777044882  4.75093108156  4.82742202841  4.90722825553  4.99032959173  5.07669825493  5.16629481006  5.25906187125  5.35491610517
  3.97793631920  3.98165957112  3.98756268444  3.99678872147  4.00934594021  4.02524370903  4.04449176960  4.06709888742  4.09307243905  4.12241843760  4.15514168437  4.19124592832  4.23073399784  4.27360789893  4.31986888176  4.36951747903  4.42255351804  4.47897610641  4.53878358850  4.60197346559  4.66854226747  4.73848535328  4.81179660305  4.88846793018  4.96848848354  5.05184327897  5.13851071842  5.22845782794  5.32163074573  5.41793631920
  4.04333465451  4.04627675156  4.05172936341  4.06060973172  4.07287964316  4.08853459468  4.10757733422  4.13001174684  4.15584142131  4.18506936353  4.21769799471  4.25372921045  4.29316444175  4.33600470324  4.38225062673  4.43190248066  4.48496017598  4.54142325848  4.60129088563  4.66456178426  4.73123418194  4.80130569951  4.87477318199  4.95163242491  5.03187771016  5.11550096347  5.20249007772  5.29282514565  5.38646860935  5.48333465451
  4.11111111111  4.11282335844  4.11796010041  4.12652133703  4.13850706831  4.15391729423  4.17275201480  4.19501123002  4.22069493989  4.24980314441  4.28233584357  4.31829303739  4.35767472586  4.40048090897  4.44671158674  4.49636675915  4.54944642621  4.60595058792  4.66587924429  4.72923239530  4.79601004096  4.86621218127  4.93983881622  5.01688994583  5.09736557009  5.18126568900  5.26859030255  5.35933941075  5.45351301361  5.55111111111
