
  1.33333333333  1.33504558066  1.34018232263  1.34874355925  1.36072929053  1.37613951645  1.39497423702  1.41723345224  1.44291716211  1.47202536663  1.50455806579  1.54051525961  1.57989694808  1.62270313119  1.66893380896  1.71858898137  1.77166864843  1.82817281015  1.88810146651  1.95145461752  2.01823226318  2.08843440349  2.16206103845  2.23911216805  2.31958779231  2.40348791122  2.49081252477  2.58156163298  2.67573523583  2.77333333333
  1.33452239398  1.33807105088  1.34373121045  1.35269982835  1.36501448869  1.38069511912  1.39975383959  1.42219872827  1.44803549688  1.47726833198  1.50990035774  1.54593390799  1.58537069311  1.62821190448  1.67445827854  1.72411013248  1.77716737726  1.83362950990  1.89349558325  1.95676414739  2.02343315049  2.09349977520  2.16696016353  2.24380893039  2.32403823470  2.40763580909  2.49458017442  2.58482699274  2.67826290869  2.77452239398
  1.33808957590  1.34219194372  1.34831592196  1.35766583604  1.37029560127  1.38623823328  1.40551535669  1.42814196420  1.45412889493  1.48348420044  1.51621394010  1.55232266554  1.59181372494  1.63468945648  1.68095130826  1.73059990555  1.78363507566  1.84005583363  1.89986032587  1.96304572151  2.02960803052  2.09954180938  2.17283968006  2.24949151749  2.32948300799  2.41279294021  2.49938783313  2.58921106556  2.68216311838  2.77808957590
  1.34403487911  1.34858181081  1.35510490608  1.36479870492  1.37772067623  1.39391032005  1.41339546039  1.43619628313  1.46232780586  1.49180139259  1.52462570126  1.56080728971  1.60035100955  1.64326026228  1.68953716089  1.73918262146  1.79219639756  1.84857706143  1.90832192858  1.97142691358  2.03788629280  2.10769233072  2.18083469378  2.25729951830  2.33706789950  2.42011341293  2.50639812499  2.59586685225  2.68844224456  2.78403487911
  1.35235830361  1.35727222744  1.36413654833  1.37413436721  1.38732115669  1.40373853064  1.42341770795  1.44638235203  1.47265060665  1.50223648995  1.53515083723  1.57140193881  1.61099597159  1.65393728802  1.70022860224  1.74987109725  1.80286446587  1.85920688998  1.91889495448  1.98192348430  2.04828528195  2.11797072723  2.19096717866  2.26725808358  2.34682166780  2.42962906465  2.51564187503  2.60480976827  2.69707055392  2.79235830361
  1.36305984939  1.36828110146  1.37543671465  1.38570008907  1.39912285431  1.41574633195  1.43560316329  1.45871907488  1.48511436811  1.51480505999  1.54780371985  1.58412007039  1.62376141284  1.66673292114  1.71303783599  1.76267757872  1.81565179593  1.87195833892  1.93159317526  1.99455022283  2.06082108844  2.13039468337  2.20325667655  2.27938873680  2.35876752036  2.44136341334  2.52713921781  2.61604940665  2.70804130965  2.80305984939
  1.37613951645  1.38161958268  1.38902330508  1.39951645262  1.41314656692  1.42995354620  1.44997022728  1.47322336467  1.49973462459  1.52952144121  1.56259769999  1.59897426033  1.63865934312  1.68165880871  1.72797634518  1.77761358106  1.83057013097  1.88684357718  1.94642938541  2.00932074820  2.07550834405  2.14497999588  2.21772020982  2.29370957985  2.37292406658  2.45533422209  2.54090456782  2.62959355737  2.72135475278  2.81613951645
  1.39159730480  1.39729511798  1.40490907862  1.41559906811  1.42940890521  1.44637665969  1.46653468299  1.48991006655  1.51652524594  1.54639859727  1.57954495860  1.61597605630  1.65570083753  1.69872571798  1.74505475452  1.79468975117  1.84763030337  1.90387378290  1.96341526263  2.02624737736  2.09236011488  2.16174053057  2.23437238185  2.31023568932  2.38930625718  2.47155523619  2.55694889403  2.64544884902  2.73701302708  2.83159730480
  1.40943321443  1.41531293357  1.42310336179  1.43395985883  1.44792307328  1.46502922402  1.48530985792  1.50879198276  1.53549838844  1.56544803011  1.59865640167  1.63513586494  1.67489592086  1.71794342012  1.76428271465  1.81391575302  1.86684212195  1.92305903515  1.98256126952  2.04534104760  2.11138786512  2.18068826439  2.25322555959  2.32897953178  2.40792613309  2.49003727349  2.57528080548  2.66362084876  2.75501855312  2.84943321443
  1.42964724534  1.43567681681  1.44361309254  1.45460797456  1.46869951617  1.48592225247  1.50630683226  1.52987995560  1.55666449965  1.58667973832  1.61994159203  1.65646286899  1.69625347719  1.73932059663  1.78566880782  1.83530017492  1.88821428364  1.94440823409  2.00387658913  2.06661127918  2.13260146581  2.20183336970  2.27429007438  2.34995132766  2.42879337868  2.51078890829  2.59590712949  2.68411413479  2.77537352406  2.86964724534
  1.45223939754  1.45838955823  1.46644347190  1.47755042767  1.49174642431  1.50906456746  1.52953464993  1.55318297557  1.58003235518  1.61010220703  1.64340870964  1.67996496975  1.71978118210  1.76286476641  1.80922047367  1.85885045719  1.91175430665  1.96792904456  2.02736908614  2.09006616484  2.15600922819  2.22518431224  2.29757440854  2.37315934588  2.45191571972  2.53381691323  2.61883325997  2.70693239045  2.79807977218  2.89223939754
  1.47720967103  1.48345321534  1.49159837982  1.50279253263  1.51707011230  1.53446308508  1.55500050883  1.57870829279  1.60560911040  1.63572241725  1.66906453235  1.70564874928  1.74548545374  1.78858223093  1.83494395263  1.88457283753  1.93746848168  1.99362785805  2.05304528626  2.11571237559  2.18161794735  2.25074794611  2.32308535444  2.39861013214  2.47729920758  2.55912655444  2.64406338749  2.73207850163  2.82313875573  2.91720967103
  1.50455806579  1.51086927579  1.51908064439  1.53033820735  1.54467529534  1.56212303673  1.58270991977  1.60646151844  1.63340035507  1.66354586515  1.69691442993  1.73351944749  1.77337141920  1.81647803481  1.86284424464  1.91247231144  1.96536183793  2.02150976876  2.08091036781  2.14355517465  2.20943294668  2.27852959695  2.35082814224  2.42630868046  2.50494842077  2.58672179270  2.67160065816  2.75955464196  2.85055158017  2.94455806579
  1.53428458185  1.54063875953  1.54889221576  1.56019017606  1.57456528418  1.59204813308  1.61266683042  1.63644670889  1.66341016296  1.69357658424  1.72696236592  1.76358094966  1.80344289274  1.84655593885  1.89292508043  1.94255260499  1.99543812062  2.05157855953  2.11096816047  2.17359843403  2.23945811748  2.30853312930  2.38080653719  2.45625855727  2.53486660505  2.61660541998  2.70144728301  2.78936233901  2.88031902394  2.97428458185
  1.56638921918  1.57276228104  1.58103427437  1.59235009949  1.60674211445  1.62424067705  1.64487371398  1.66866642868  1.69564113140  1.72581716558  1.75921090284  1.79583578090  1.83570236312  1.87881840321  1.92518890336  1.97481615783  2.02769977767  2.08383669501  2.14322114794  2.20584464997  2.27169595052  2.34076099655  2.41302290825  2.48846198572  2.56705576556  2.64877914747  2.73360460897  2.82150251991  2.91244155871  3.00638921918
  1.60087197780  1.60724008302  1.61550729045  1.62681864786  1.64120662125  1.65870163090  1.67933162386  1.70312179100  1.73009440817  1.76026877297  1.79366120809  1.83028510509  1.87015098775  1.91326657897  1.95963685996  2.00926411443  2.06214795343  2.11828531964  2.17767047213  2.24029495521  2.30614755792  2.37521427332  2.44747827057  2.52291989560  2.60151671940  2.68324365427  2.76807315734  2.85597553599  2.94691936069  3.04087197780
  1.63773285771  1.64407204691  1.65231104301  1.66359552524  1.67795846526  1.69543064114  1.71604021532  1.73981247503  1.76676970427  1.79693115139  1.83031305868  1.86692872673  1.90678859256  1.94990030659  1.99626879805  2.04589632261  2.09878248837  2.15492425935  2.21431593753  2.27694912679  2.34281268463  2.41189267061  2.48417230333  2.55963194217  2.63824911311  2.71999860106  2.80485263219  2.89278116626  2.98375231132  3.07773285771
  1.67697185890  1.68325768165  1.69144460085  1.70267944763  1.71699611246  1.73442602270  1.75499773499  1.77873672039  1.80566529240  1.83580262834  1.86916484444  1.90576509518  1.94561367672  1.98871812096  2.03508327180  2.08471133859  2.13760192408  2.19375202628  2.25315601550  2.31580558916  2.38168970987  2.45079453428  2.52310334419  2.59859649567  2.67725140675  2.75904260982  2.84394189844  2.93191859842  3.02293998603  3.11697185890
  1.71858898137  1.72479608840  1.73290626186  1.74406807165  1.75831676544  1.77568470149  1.79620097830  1.81989129954  1.84677799202  1.87688010880  1.91021357008  1.94679131159  1.98662342259  2.02971726298  2.07607755392  2.12570643882  2.17860351374  2.23476582691  2.29418784857  2.35686141332  2.42277563890  2.49191682773  2.56426836118  2.63981060161  2.71852082399  2.80037320758  2.88533892651  2.97338638367  3.06448162879  3.15858898137
  1.76258422513  1.76868589413  1.77669344063  1.78775786464  1.80191624044  1.81920211306  1.83964521519  1.86327146934  1.89010314285  1.92015906565  1.95345485783  1.99000313976  2.02981371181  2.07289369852  2.11924765549  2.16887763901  2.22178323876  2.27796157428  2.33740725615  2.40011231303  2.46606608681  2.53525509992  2.60766290231  2.68326991114  2.76205326532  2.84398672937  2.92904069693  3.01718235918  3.10837610808  3.20258422513
  1.80895759017  1.81492514021  1.82280248449  1.83374389909  1.84778877981  1.86497205351  1.88532408440  1.90887090485  1.93563457044  1.96563352884  1.99888295328  2.03539502316  2.07517914924  2.11824214593  2.16458835470  2.21421972180  2.26713583295  2.32333390615  2.38280874330  2.44555264043  2.51155525633  2.58080344049  2.65328102363  2.72896857980  2.80784317972  2.88987817193  2.97504305402  3.06330352673  3.15462184746  3.24895759017
  1.85770907650  1.86351109863  1.87122838248  1.88201954418  1.89592678562  1.91298647932  1.93322945942  1.95668162054  1.98336454916  2.01329607822  2.04649073835  2.08296011092  2.12271309679  2.16575611416  2.21209323601  2.26172627438  2.31465481599  2.37087621108  2.43038551551  2.49317538429  2.55923591323  2.62855442510  2.70111519737  2.77689913328  2.85588338838  2.93804098583  3.02334049083  3.11174586946  3.20321671819  3.29770907650
  1.90883868411  1.91443996315  1.92196430512  1.93257601267  1.94632045793  1.96323525586  1.98335129352  2.00669388823  2.03328377126  2.06313784660  2.09626975632  2.13269029644  2.17240772000  2.21542795315  2.26175474156  2.31138973821  2.36433253854  2.42058066536  2.48012950277  2.54297217508  2.60909936421  2.67849905588  2.75115620353  2.82705229986  2.90616485335  2.98846678891  3.07392583859  3.16250407552  3.25415787225  3.34883868411
  1.96234641300  1.96770630557  1.97500086466  1.98540170493  1.99895732439  2.01570586458  2.03567746019  2.05889616714  2.08538133368  2.11514854151  2.14821025454  2.18457627245  2.22425404992  2.26724891892  2.31356423668  2.36320147256  2.41616024118  2.47243828398  2.53203139754  2.59493330276  2.66113544435  2.73062670496  2.80339301229  2.87941681276  2.95867638497  3.04114497956  3.12678982013  3.21557111695  3.30744147567  3.40234641300
  2.01823226318  2.02330205599  2.03032490171  2.04048127938  2.05382166671  2.07038309919  2.09019361925  2.11327506849  2.13964475779  2.16931649526  2.20230125115  2.23860760652  2.27824206291  2.32120925508  2.36751209118  2.41715183391  2.47012812987  2.52643898898  2.58608071139  2.64904775413  2.71533252371  2.78492507304  2.85781267016  2.93397919276  3.01340428759  3.09606222574  3.18192040811  3.27093759371  3.36306226418  3.45823226318
  2.07649623464  2.08121443319  2.08791746655  2.09779439910  2.11089390405  2.12724882042  2.14688315854  2.16981538511  2.19606005918  2.22562875294  2.25853063082  2.29477283984  2.33436078022  2.37729829195  2.42358777755  2.47323027255  2.52622546981  2.58257169862  2.64226585551  2.70530327790  2.77167754494  2.84138017976  2.91440021174  2.99072353417  3.07033195757  3.15320181201  3.23930190692  3.32859068649  3.42101275967  3.51649623464
  2.13713832739  2.14142135267  2.14775049906  2.15731424381  2.17015011763  2.18628189737  2.20572727945  2.22850021890  2.25461188303  2.28407120543  2.31688527323  2.35305961110  2.39259838808  2.43550456394  2.48177998642  2.53142544699  2.58444069923  2.64082443996  2.70057424996  2.76368648555  2.83015610563  2.89997640789  2.97313862955  3.04963133736  3.12943947682  3.21254285433  3.29891366388  3.38851244523  3.48128178642  3.57713832739
  2.20015854142  2.20388024007  2.20978181833  2.21900635650  2.23156213017  2.24745852464  2.26670529771  2.28931122996  2.31528371185  2.34462876904  2.37735121386  2.41345480468  2.45294237753  2.49581594425  2.54207675892  2.59172535622  2.64476156343  2.70118448622  2.76099246501  2.82418299527  2.89075259912  2.96069662631  3.03400894582  3.11068145851  3.19070329936  3.27405946911  3.36072835359  3.45067696192  3.54385141473  3.64015854142
  2.26555687673  2.26849819256  2.27395003236  2.28282964682  2.29509883147  2.31075309176  2.32979518376  2.35222900009  2.37805813654  2.40728560531  2.43991383314  2.47594472040  2.51537970190  2.55821979521  2.60446563413  2.65411748807  2.70717526799  2.76363851869  2.82350639565  2.88677762279  2.95345042382  3.02352241485  3.09699043536  3.17385027456  3.25409620734  3.33772015186  3.42470999290  3.51504581465  3.60869005038  3.70555687673
  2.33333333333  2.33504558066  2.34018232263  2.34874355925  2.36072929053  2.37613951645  2.39497423702  2.41723345224  2.44291716211  2.47202536663  2.50455806579  2.54051525961  2.57989694808  2.62270313119  2.66893380896  2.71858898137  2.77166864843  2.82817281015  2.88810146651  2.95145461752  3.01823226318  3.08843440349  3.16206103845  3.23911216805  3.31958779231  3.40348791122  3.49081252477  3.58156163298  3.67573523583  3.77333333333
