
  3.33333333333  3.33504558066  3.34018232263  3.34874355926  3.36072929053  3.37613951645  3.39497423702  3.41723345224  3.44291716211  3.47202536663  3.50455806579  3.54051525961  3.57989694808  3.62270313119  3.66893380896  3.71858898137  3.77166864843  3.82817281015  3.88810146651  3.95145461752  4.01823226318  4.08843440349  4.16206103845  4.23911216805  4.31958779231  4.40348791122  4.49081252477  4.58156163298  4.67573523583  4.77333333333
  3.33452239398  3.33807183227  3.34373276407  3.35270213598  3.36501752328  3.38069884508  3.39975821324  3.42220369833  3.44804100509  3.47727431374  3.50990674293  3.54594062175  3.58537765672  3.62821903630  3.67446549496  3.72411734888  3.77717450905  3.83363647345  3.89350229693  3.95677053249  4.02343913215  4.09350528329  4.16696513348  4.24381330393  4.32404196056  4.40763884359  4.49458248198  4.58482854631  4.67826369006  4.77452239398
  3.33808957590  3.34219349734  3.34831901098  3.35767042424  3.37030163486  3.38624564152  3.40552405272  3.42815184606  3.45413984676  3.48349609384  3.51622663563  3.55233601434  3.59182757052  3.63470363651  3.68096565648  3.73061425375  3.78364925562  3.84006967910  3.89987367452  3.96305841685  4.02961992371  4.09955276099  4.17284956169  4.24950021330  4.32949041603  4.41279897362  4.49939242119  4.58921415448  4.68216467195  4.77808957590
  3.34403487911  3.34858411844  3.35510949429  3.36480551990  3.37772963809  3.39392132371  3.41340837684  3.43621096093  3.46234407292  3.49181905819  3.52464455828  3.56082711706  3.60037157477  3.64328132426  3.68955847269  3.73920393323  3.79221745944  3.84859762648  3.90834175569  3.97144577031  4.03790395808  4.10770859744  4.18084937124  4.25731243442  4.33707890286  4.42012237453  4.50640493977  4.59587144032  4.68844455212  4.78403487911
  3.35235830361  3.35727526203  3.36414258193  3.37414332907  3.38733294175  3.40375300072  3.42343469339  3.44640165369  3.47267199822  3.50225972063  3.53517563466  3.57142801225  3.61102301534  3.65396498502  3.70025662777  3.74989912273  3.80289216273  3.85923393351  3.91892102761  3.98194828136  4.04830851221  4.11799211836  4.19098647987  4.26727506859  4.34683613748  4.42964084937  4.51565083663  4.60481580168  4.69707358841  4.79235830361
  3.36305984939  3.36828482743  3.37544412290  3.38571109275  3.39913732440  3.41576409880  3.43562401858  3.45874277410  3.48514063340  3.51483358340  3.54783416696  3.58415208423  3.62379461807  3.66676692845  3.71307224667  3.76271198935  3.81568580306  3.87199154386  3.93162518872  3.99458066949  4.06084961133  4.13042094811  4.20328037522  4.27940959156  4.35878528672  4.44137788301  4.52715022115  4.61605681467  4.70804503550  4.80305984939
  3.37613951645  3.38162395635  3.38903200114  3.39952936910  3.41316355239  3.42997440151  3.44999470791  3.47325118360  3.49976545566  3.52955492293  3.56263343982  3.59901183923  3.63869832051  3.68169872762  3.72801673758  3.77765397339  3.83061004967  3.88688255424  3.94646696387  4.00935648749  4.07554182517  4.14501082630  4.21774802811  4.29373405985  4.37294492132  4.45535120707  4.54091748391  4.62960225316  4.72135912631  4.81613951645
  3.39159730480  3.39730008806  3.40491896052  3.41561374596  3.42942820692  3.44640035895  3.46656250195  3.48994167904  3.51656028131  3.54643664476  3.57958557212  3.61601875969  3.65574513012  3.69877108046  3.74510065507  3.79473565165  3.84767566562  3.90391807510  3.96345796551  4.02628799027  4.09239816168  4.16177556521  4.23440399360  4.31026350757  4.38932995579  4.47157453735  4.55696357143  4.64545873061  4.73701799701  4.83159730480
  3.40943321443  3.41531844181  3.42311431368  3.43397612596  3.44794446494  3.46505548939  3.48534068905  3.50882701817  3.53553721736  3.56549019729  3.59870141273  3.63518319215  3.67494500935  3.71799369435  3.76433358521  3.81396662349  3.86689239592  3.92310812321  3.98260859617  4.04538605799  4.11143003155  4.18072709251  4.25326059419  4.32901036212  4.40795239774  4.49005866452  4.57529707212  4.66363180031  4.75502406119  4.84943321443
  3.42964724534  3.43568279862  3.44362498602  3.45462564026  3.46872274697  3.48595077601  3.50634031410  3.52991800318  3.55670666689  3.58672553083  3.61999047291  3.65651426516  3.69630678606  3.73937519319  3.78572405198  3.83535541898  3.88826887992  3.94446154251  4.00392798470  4.06666015933  4.13264725750  4.20187553607  4.27432812108  4.34998480865  4.42882190143  4.51081213842  4.59592479466  4.68412602789  4.77537950568  4.86964724534
  3.45223939754  3.45839594348  3.46645616752  3.47756928483  3.49177122190  3.50909501474  3.52957038993  3.55322358925  3.58007736636  3.61015108799  3.64346088727  3.68001983231  3.71983808635  3.76292304520  3.80927944373  3.85890942715  3.91181258514  3.96798594833  4.02742394804  4.09011834168  4.15605810827  4.22522932250  4.29761502128  4.37319508497  4.45194616618  4.53384171011  4.61885211655  4.70694508568  4.79808615722  4.89223939754
  3.47720967103  3.48345992916  3.49161172875  3.50281236016  3.51709618595  3.53449509915  3.55503808797  3.57875099641  3.60565643781  3.63577381357  3.66911939499  3.70570643500  3.74554528622  3.78864350869  3.83500595723  3.88463484203  3.93752975913  3.99368769003  4.05310297130  4.11576723740  4.18166934275  4.25079527254  4.32312805706  4.39864771033  4.47733122078  4.55915262734  4.64408321441  4.73209185015  4.82314546934  4.91720967103
  3.50455806579  3.51087623948  3.51909449012  3.53035877278  3.54470233936  3.56215624225  3.58274889748  3.60650581134  3.63344944384  3.66359917426  3.69697133436  3.73357928007  3.77343347844  3.81654159311  3.86290855684  3.91253662352  3.96542539590  4.02157182747  4.08097019968  4.14361207823  4.20948625483  4.27857868470  4.35087243411  4.42634765717  4.50498162539  4.58674883594  4.67162122297  4.75956848725  4.85055854364  4.94455806580
  3.53428458185  3.54064589144  3.54890639596  3.56021123829  3.57459298150  3.59208214075  3.61270674971  3.63649207176  3.66346043757  3.69363118113  3.72702064499  3.76364222762  3.80350645115  3.84662103252  3.89299094621  3.94261847066  3.99550321396  4.05164211739  4.11102943770  4.17365671222  4.23951271340  4.30858340286  4.38085189901  4.45629847554  4.53490061178  4.61663311650  4.70146834460  4.78937651877  4.88032615562  4.97428458185
  3.56638921918  3.57276949755  3.58104862280  3.59237141159  3.60677014035  3.62427508816  3.64491410684  3.66871232970  3.69569200242  3.72587241016  3.75926987328  3.79589778580  3.83576667552  3.87888426910  3.92525555051  3.97488280487  4.02776564322  4.08390100686  4.14328315211  4.20590361952  4.27175119412  4.34081186651  4.41306880820  4.48850237755  4.56709017572  4.64880717255  4.73362592042  4.82151686789  4.91244877500  5.00638921918
  3.60087197780  3.60724729954  3.61552163887  3.62683995995  3.64123464714  3.65873604200  3.67937201671  3.70316769202  3.73014527919  3.76032401755  3.79372017852  3.83034710998  3.87021530015  3.91333244485  3.95970350711  4.00933076146  4.06221381897  4.11834963149  4.17773247629  4.24035392476  4.30620280151  4.37526514328  4.44752417052  4.52296028743  4.60155112956  4.68327167935  4.76809446879  4.85598988396  4.94692657698  5.04087197780
  3.63773285771  3.64407917882  3.65232522321  3.66361658747  3.67798616257  3.69546464880  3.71608013460  3.73985783789  3.76681997887  3.79698574827  3.83037133773  3.86699000467  3.90685215095  3.94996540025  3.99633466382  4.04596218826  4.09884758169  4.15498781719  4.21437721475  4.27700740497  4.34286728054  4.41194294416  4.48421766514  4.55967186044  4.63828311984  4.72002629758  4.80487369378  4.89279534602  4.98375944300  5.07773285771
  3.67697185890  3.68326464534  3.69145844658  3.70270001306  3.71702315646  3.73445922821  3.75503671268  3.77878101327  3.80571438115  3.83585593743  3.86922174885  3.90582492774  3.94567573594  3.98878167923  4.03514758397  4.08477565065  4.13766548202  4.19381408497  4.25321584735  4.31586249272  4.38174301800  4.45084362201  4.52314763604  4.59863547237  4.67728461135  4.75906965305  4.84396246325  4.93193244371  5.02294694950  5.11697185890
  3.71858898137  3.72480280222  3.73291961078  3.74408789917  3.75834283907  3.77571671555  3.79623855743  3.81993400313  3.84682531940  3.87693150510  3.91026843269  3.94684899729  3.98668325504  4.02977854071  4.07613955849  4.12576844328  4.17866479115  4.23482565885  4.29424553358  4.35691627511  4.42282703427  4.49196415414  4.56431106379  4.63984817978  4.71855283717  4.80039928046  4.88535875342  4.97339973218  5.06448834240  5.15858898137
  3.76258422513  3.76869227937  3.77670613625  3.78777672178  3.80194103802  3.81923256032  3.83968095517  3.86331208299  3.89014815401  3.92020794657  3.95350703543  3.99005800228  4.02987061603  4.07295197727  4.11930662551  4.16893660894  4.22184151721  4.27801847801  4.33746211801  4.40016448984  4.46611496685  4.53530011014  4.60770351502  4.68330565021  4.76208371176  4.84401152622  4.92905955350  5.01719505440  5.10838249312  5.20258422513
  3.80895759017  3.81493112201  3.82281437795  3.83376156478  3.84781201060  3.86500057702  3.88535756621  3.90890895241  3.93567673765  3.96567932131  3.99893183413  4.03544641929  4.07523245807  4.11829674245  4.16464359881  4.21427496582  4.26719042918  4.32338721452  4.38286013882  4.44560152055  4.51160104798  4.58084560683  4.65331907030  4.72900206076  4.80787170245  4.88990140204  4.97506071918  5.06331541983  5.15462782907  5.24895759017
  3.85770907650  3.86351660686  3.87123933436  3.88203581130  3.89594817725  3.91301274466  3.93326029052  3.95671665592  3.98340337804  4.01333824537  4.04653574937  4.08300743809  4.12276218523  4.16580638835  4.21214410652  4.26177714481  4.31470508992  4.37092529910  4.43043284212  4.49322039463  4.55927807962  4.62859325319  4.70115023194  4.77692996360  4.85590965301  4.93806237684  5.02335675746  5.11175682099  5.20322222624  5.29770907650
  3.90883868411  3.91444493324  3.92197418701  3.93259069050  3.94633975962  3.96325895510  3.98337911245  4.00672550068  4.03331880659  4.06317589405  4.09631036980  4.13273299978  4.17245201254  4.21547331559  4.26180064206  4.31143563863  4.36437790075  4.42062495752  4.48017220560  4.54301278795  4.60913741098  4.67853409049  4.75118781525  4.82708011808  4.90618855195  4.98848609004  5.07394051598  5.16251395710  5.25416284218  5.34883868411
  3.96234641300  3.96771067923  3.97500956070  3.98541462139  3.99897430984  4.01572671987  4.03570194079  4.05892398603  4.08541216471  4.11518202319  4.14824599433  4.18461385131  4.22429302727  4.26728883778  4.31360462903  4.36324186484  4.41620015983  4.47247726100  4.53206897595  4.59496904200  4.66116892543  4.73065753535  4.80342083054  4.87944129274  4.95869723968  5.04116196452  5.12680273620  5.21557981272  5.30744584920  5.40234641300
  4.01823226318  4.02330578195  4.03033230996  4.04049228305  4.05383613678  4.07040086601  4.09021447452  4.11329876768  4.13967102304  4.16934501863  4.20233169822  4.23863962032  4.27827526809  4.32124326234  4.36754650182  4.41718624450  4.47016213696  4.52647219388  4.58611272481  4.64907820075  4.71536104657  4.78495133775  4.85783636880  4.93400004750  5.01342205393  5.09607669539  5.18193141145  5.27094500172  5.36306599002  5.45823226318
  4.07649623464  4.08121746777  4.08792350014  4.09780336095  4.11090568910  4.12726329048  4.14690014396  4.16983468674  4.19608145072  4.22565198359  4.25855542822  4.29479891325  4.33438782394  4.37732598892  4.42361580304  4.47325829800  4.52625316663  4.58259874211  4.64229192861  4.70532807492  4.77170077517  4.84140157086  4.91441951293  4.99074051916  5.07034642724  5.15321359672  5.23931086851  5.32859671989  5.42101579415  5.51649623464
  4.13713832739  4.14142366030  4.14775508726  4.15732105878  4.17015907948  4.18629290101  4.20574019588  4.22851489668  4.25462815007  4.28408887100  4.31690413022  4.35307943842  4.39261895327  4.43552562589  4.48180129819  4.53144675874  4.58446176107  4.64084500498  4.70059407705  4.76370534226  4.83017377089  4.89999267460  4.97315330699  5.04964425346  5.12945048016  5.21255181592  5.29892047865  5.38851703329  5.48128409397  5.57713832739
  4.20015854142  4.20388179368  4.20978490734  4.21901094470  4.23156816375  4.24746593287  4.26671399373  4.28932111180  4.31529466367  4.34464066242  4.37736390938  4.41346815347  4.45295622309  4.49583012425  4.54209110712  4.59173970439  4.64477574336  4.70119833167  4.76100581365  4.82419569059  4.89076449230  4.96070757790  5.03401882743  5.11069015431  5.19071070738  5.27406550252  5.36073294165  5.45068005084  5.54385296830  5.64015854142
  4.26555687673  4.26849897395  4.27395158597  4.28283195445  4.29510186605  4.31075681772  4.32979955740  4.35223397015  4.37806364474  4.40729158706  4.43992021833  4.47595143415  4.51538666550  4.55822692702  4.60447285054  4.65412470446  4.70718239977  4.76364548223  4.82351310932  4.88678400788  4.95345640547  5.02352792294  5.09699540530  5.17385464809  5.25409993320  5.33772318636  5.42471230045  5.51504736821  5.60869083174  5.70555687673
  4.33333333333  4.33504558066  4.34018232263  4.34874355926  4.36072929053  4.37613951645  4.39497423702  4.41723345224  4.44291716211  4.47202536663  4.50455806580  4.54051525961  4.57989694808  4.62270313119  4.66893380896  4.71858898137  4.77166864843  4.82817281015  4.88810146651  4.95145461752  5.01823226318  5.08843440349  5.16206103845  5.23911216805  5.31958779231  5.40348791122  5.49081252477  5.58156163298  5.67573523583  5.77333333333
