
  0.77777777778  0.77949002510  0.78462676708  0.79318800370  0.80517373497  0.82058396089  0.83941868146  0.86167789668  0.88736160655  0.91646981107  0.94900251024  0.98495970406  1.02434139252  1.06714757564  1.11337825340  1.16303342582  1.21611309288  1.27261725459  1.33254591095  1.39589906196  1.46267670762  1.53287884793  1.60650548289  1.68355661250  1.76403223676  1.84793235566  1.93525696922  2.02600607742  2.12017968027  2.21777777778
  0.77896683842  0.78250685295  0.78815847158  0.79711875022  0.80942537086  0.82509835547  0.84414991372  0.86658820778  0.89241902672  0.92164662683  0.95427419363  0.99030411317  1.02973813832  1.07257749273  1.11882293451  1.16847479167  1.22153297501  1.27799697044  1.33786580887  1.40113800788  1.46781147295  1.53788333437  1.61134967273  1.68820503316  1.76844149731  1.85204671391  1.93899911428  2.02925426635  2.12269871715  2.21896683842
  0.78253402035  0.78661920475  0.79272620127  0.80205953462  0.81467331472  0.83060074475  0.84986362771  0.87247712332  0.89845222446  0.92779712138  0.96051799542  0.99661950201  1.03610507384  1.07897711324  1.12523711139  1.17488571507  1.22792275129  1.28434721300  1.34415720299  1.40734982574  1.47392100638  1.54386519724  1.61717489820  1.69383984546  1.77384557168  1.85717069870  1.94378156748  2.03362136968  2.12659039212  2.22253402035
  0.78847932356  0.79300073231  0.79949860421  0.80916777528  0.82206600347  0.83823306742  0.85769705606  0.88047840337  0.90659235533  0.93605048192  0.96886162225  1.00503248837  1.04456805738  1.08747182608  1.13374597144  1.18339144151  1.23640798940  1.29279415452  1.35254718760  1.41566290722  1.48213546368  1.55195696682  1.62511690168  1.70160119856  1.78139072443  1.86445880708  1.95076724848  2.04026058724  2.13286118493  2.22847932356
  0.79680274805  0.80168310869  0.80851426033  0.81847969320  0.83163525999  0.84802294096  0.86767430335  0.89061333684  0.91685848554  0.94642403844  0.97932106908  1.01555807058  1.05514138486  1.09807548968  1.14436318333  1.19400569082  1.24700270439  1.30335236277  1.36305116564  1.42609381171  1.49247293768  1.56217872005  1.63519827875  1.71151479021  1.79110618011  1.87394325594  1.95998727089  2.04918752874  2.14148145999  2.23680274805
  0.80750429383  0.81268433603  0.81979922304  0.83002283297  0.84340726207  0.85999428180  0.87981696117  0.90290142733  0.92926835043  0.95893408005  0.99191147803  1.02821051608  1.06783869804  1.11080135171  1.15710182112  1.20674157918  1.25972027176  1.31603569719  1.37568371843  1.43865809833  1.50495024018  1.57454880556  1.64743917054  1.72360267125  1.80301559544  1.88564792914  1.97146204748  2.06041197455  2.15244457469  2.24750429383
  0.82058396089  0.82601565380  0.83337157065  0.84381804149  0.85740315574  0.87416733968  0.89414393220  0.91736015805  0.94383811631  0.97359563151  1.00664693249  1.04300317093  1.08267280556  1.12566187734  1.17197419562  1.22161144949  1.27457325273  1.33085712541  1.39045841044  1.45337011842  1.51958268892  1.58908365178  1.66185716935  1.73788344509  1.81713800707  1.89959093773  1.98520625739  2.07394189280  2.16575085967  2.26058396089
  0.83604174924  0.84168459286  0.84924422914  0.85988117706  0.87363987787  0.89055900139  0.91067146962  0.93400490835  0.96058224503  0.99042229937  1.02354029963  1.05994830432  1.09965553087  1.14266860019  1.18899170699  1.23862672409  1.29157324596  1.34782857372  1.40738764068  1.47024287489  1.53638399263  1.60579771623  1.67846741245  1.75437265813  1.83348876593  1.91578635296  2.00123111740  2.08978407894  2.18140254261  2.27604174924
  0.85387765887  0.85969645678  0.86742667882  0.87822439137  0.89213093289  0.90918318729  0.92941333377  0.95284897232  0.97951343798  1.00942617753  1.04260311730  1.07905698723  1.11879758779  1.16183199711  1.20816471986  1.25779778090  1.31073076585  1.36696081011  1.42648253592  1.48928793668  1.55536620721  1.62470352071  1.69728275839  1.77308320954  1.85208028150  1.93424529281  2.01954546483  2.10794425379  2.19940212138  2.29387765887
  0.87409168979  0.88005510269  0.88792599637  0.89885704025  0.91288703682  0.93005124337  0.95038099538  0.97390363605  1.00064263453  1.03061779865  1.06384551841  1.10033900180  1.14010848208  1.18316138625  1.22950246070  1.27913385240  1.33205514593  1.38826335630  1.44775287844  1.51051539391  1.57653973754  1.64581172915  1.71831398206  1.79402571005  1.87292257063  1.95497660237  2.04015633290  2.12842713417  2.21975185886  2.31409168979
  0.89668384199  0.90276338250  0.91074750489  0.92178631740  0.93591661852  0.95317228478  0.97358384200  0.99717828053  1.02397904306  1.05400611781  1.08727618454  1.12380277674  1.16359643633  1.20666484673  1.25301293596  1.30264294575  1.35555446453  1.41174442403  1.47120706017  1.53393384079  1.59991336463  1.66913123984  1.74156995605  1.81720877201  1.89602365166  1.97798729258  2.06306929670  2.15123652543  2.24245364867  2.33668384199
  0.92165411547  0.92782340604  0.93589518831  0.94701769174  0.96122619569  0.97855347701  0.99902936424  1.02268048847  1.04953018754  1.07959851632  1.11290232083  1.14945534336  1.18926833467  1.23234915722  1.27870286892  1.32833178144  1.38123548953  1.43741087067  1.49685205598  1.55955037547  1.62549428369  1.69466927530  1.76705780515  1.84263923366  1.92138982517  2.00328283250  2.08828870116  2.17637541737  2.26750900134  2.36165411547
  0.94900251024  0.95523670354  0.96337195941  0.97455520693  0.98882064893  1.00620025450  1.02672331129  1.05041614193  1.07730195793  1.10740081631  1.14072964498  1.17730230741  1.21712968362  1.26021975092  1.30657765270  1.35620574814  1.40910363863  1.46526816976  1.52469340991  1.58737060897  1.65328814394  1.72243146123  1.79478303026  1.87032232723  1.94902587260  2.03086734821  2.11581781806  2.20384606821  2.29491906487  2.38900251024
  0.97872902629  0.98500432732  0.99317983270  1.00440168284  1.01870341472  1.03611648232  1.05666981199  1.08038950319  1.10729865618  1.13741729911  1.17076238506  1.20734783229  1.24718458590  1.29028068404  1.33664131695  1.38626887084  1.43916295245  1.49532039256  1.55473522968  1.61739867774  1.68329908440  1.75242189025  1.82474960241  1.90026180027  1.97893519400  2.06074375731  2.14565895399  2.23365006987  2.32468465005  2.41872902629
  1.01083366363  1.01712691366  1.02532003195  1.03655884454  1.05087661330  1.06830456727  1.08887146152  1.11260327536  1.13952303320  1.16965072258  1.20300328161  1.23959463029  1.27943572438  1.32253461558  1.36889650617  1.41852379032  1.47141607770  1.52757019781  1.58698018613  1.64963725597  1.71552976256  1.78464316926  1.85696002906  1.93245999779  2.01111989833  2.09291385556  2.17781352016  2.26578839276  2.35680625035  2.45083366363
  1.04531642225  1.05160471620  1.05979304914  1.07102739456  1.08534112228  1.10276552378  1.12332937454  1.14705864125  1.17397631393  1.20410233426  1.23745359144  1.27404395929  1.31388435401  1.35698279646  1.40334446795  1.45297175210  1.50586425857  1.56201882744  1.62142951513  1.68408756579  1.74998137424  1.81909644999  1.89141539495  1.96691791081  2.04558085484  2.12737836454  2.21228207018  2.30026140996  2.39128405289  2.48531642225
  1.08217730215  1.08843761636  1.09659866325  1.10780703691  1.12209660223  1.13949899828  1.16004320616  1.18375527986  1.21065820916  1.24077187894  1.27411309135  1.31069562358  1.35053030047  1.39362506690  1.43998504985  1.48961260375  1.54250733531  1.59866610714  1.65808302098  1.72074938402  1.78665366423  1.85578144324  1.92811537908  2.00363519444  2.08231770995  2.16413694482  2.24906430806  2.33706890042  2.42811793909  2.52217730215
  1.12141630334  1.12762511207  1.13573592119  1.14689645511  1.16114147643  1.17850325322  1.19901114146  1.22269136088  1.24956691410  1.27965759996  1.31298008133  1.34954797807  1.38937196497  1.43245986146  1.47881670455  1.52844479999  1.58134374917  1.63751045111  1.69693908057  1.75962104532  1.82554492759  1.89469641740  1.96705824921  2.04261015741  2.12132887132  2.20318817571  2.28815906624  2.37621002999  2.46730747340  2.56141630334
  1.16303342582  1.16916628266  1.17720307744  1.18829324129  1.20247286268  1.21977511042  1.24022985368  1.26386351790  1.29069909430  1.32075623516  1.35405138770  1.39059793631  1.43040633530  1.47348422182  1.51983650314  1.56946541566  1.62237055413  1.67854887130  1.73799464893  1.80069944234  1.86665200253  1.93583818206  2.00824083458  2.08383972309  2.16261145858  2.24452949949  2.32956425071  2.41768330650  2.50885187796  2.60303342582
  1.20702866957  1.21305972270  1.22099748215  1.23199376704  1.24608645132  1.26330985084  1.28369443128  1.30726680159  1.33404986098  1.36406300928  1.39732236780  1.43384098362  1.47362900430  1.51669381801  1.56304015741  1.61267016720  1.66558343581  1.72177699199  1.78124526705  1.84398002405  1.90997025610  1.97920205776  2.05165847711  2.12731936129  2.20616121773  2.28815712538  2.37327674634  2.46148650270  2.55274998886  2.64702866957
  1.25340203461  1.25930343090  1.26711539790  1.27799297901  1.29197631916  1.30910106737  1.32939827448  1.35289461595  1.37961273928  1.40957162604  1.44278691902  1.47927119736  1.51903419705  1.56208297952  1.60842205206  1.65805344377  1.71097673919  1.76718907128  1.82668507399  1.88945679452  1.95549356493  2.02478183390  2.09730496195  2.17304298915  2.25197239463  2.33406588472  2.41929227166  2.50761653569  2.59900018707  2.69340203461
  1.30215352094  1.30789462696  1.31555170969  1.32628409183  1.34013466510  1.35714046698  1.37733296391  1.40073864265  1.42737963476  1.45727426481  1.49043749580  1.52688127718  1.56661480932  1.60964473785  1.65597528848  1.70560834951  1.75854350659  1.81477803164  1.87430682587  1.93712231517  2.00321429449  2.07256971750  2.14517242872  2.22100283968  2.30003756119  2.38224902501  2.46760516529  2.55606928465  2.64760029156  2.74215352094
  1.35328312855  1.35882944322  1.36629946594  1.37685813691  1.39055145070  1.40741762225  1.42748810913  1.45078876296  1.47734080684  1.50716158834  1.54026513966  1.57666258894  1.61636245948  1.65937088262  1.70569174184  1.75532675894  1.80827552839  1.86453550232  1.92410192530  1.98696771491  2.05312328160  2.12255627805  2.19525126706  2.27118929765  2.35034738679  2.43269792579  2.51820807725  2.60683931573  2.69854739296  2.79328312855
  1.40679085744  1.41210238169  1.41934914016  1.42970330855  1.44321393262  1.45991968188  1.47985119307  1.50303299229  1.52948486061  1.55922277006  1.59225952787  1.62860522598  1.66826755689  1.71125203315  1.75756213326  1.80719938713  1.86016340854  1.91645187673  1.97606046549  2.03898271379  2.10520982747  2.17473039609  2.24753000359  2.32359070596  2.40289034927  2.48540171460  2.57109152445  2.65991946231  2.75183758755  2.84679085744
  1.46267670762  1.46770529514  1.47468741921  1.48480403681  1.49810609226  1.51463107088  1.53440744277  1.55745745007  1.58379877240  1.61344555039  1.64640904676  1.68269809157  1.72231938893  1.76527772746  1.81157611862  1.86121587667  1.91419664751  1.97051638808  2.03017129392  2.09315566706  2.15946171052  2.22907922753  2.30199519329  2.37819315286  2.45765238452  2.54034675933  2.62624325132  2.71530017072  2.80746553380  2.90267670762
  1.52094067909  1.52562531839  1.53229518641  1.54213973676  1.55520802270  1.57153324958  1.59113977606  1.61404639506  1.64026796593  1.66981633169  1.70270089497  1.73892900557  1.77850622871  1.82143652968  1.86772239513  1.91736490262  1.97036374440  2.02671720663  2.08642210063  2.14947363759  2.21586523093  2.28558820043  2.35863133697  2.43498026292  2.51461648873  2.59751601865  2.68364731445  2.77296845482  2.86542366969  2.96094067909
  1.58158277183  1.58584027731  1.59214420343  1.60168332343  1.61449545706  1.63060465970  1.65002889268  1.67278235910  1.69887645462  1.72832031878  1.76112121986  1.79728483671  1.83681546387  1.87971615638  1.92598882595  1.97563429602  2.02865231970  2.08504156101  2.14479953595  2.20792250483  2.27440530054  2.34424106612  2.41742085741  2.49393303518  2.57376231671  2.65688826066  2.74328279663  2.83290618646  2.92570072993  3.02158277183
  1.64460298586  1.64830750328  1.65419210197  1.66340006152  1.67593985207  1.69182104650  1.71105358091  1.73364640292  1.75960705674  1.78894170665  1.82165528697  1.85775165985  1.89723374583  1.94010362088  1.98636258216  2.03601118584  2.08904925893  2.14547588500  2.20528936084  2.26848711729  2.33506559164  2.40502002952  2.47834417780  2.55502979867  2.63506587343  2.71843723606  2.80512209437  2.89508727038  2.98827869065  3.08460298586
  1.71000132118  1.71293399574  1.71837729570  1.72724857199  1.73950971796  1.75515633343  1.77419126412  1.79661848670  1.82244167423  1.85166390869  1.88428767814  1.92031493515  1.95974715704  2.00258539364  2.04883030040  2.09848215755  2.15154087591  2.20800598916  2.26787663085  2.33115149239  2.39782875481  2.46790598189  2.54137995165  2.61824638357  2.69849947527  2.78213106101  2.86912893605  2.95947309047  3.05312585995  3.15000132118
  1.77777777778  1.77949002510  1.78462676708  1.79318800370  1.80517373497  1.82058396089  1.83941868146  1.86167789668  1.88736160655  1.91646981107  1.94900251024  1.98495970406  2.02434139252  2.06714757564  2.11337825340  2.16303342582  2.21611309288  2.27261725459  2.33254591095  2.39589906196  2.46267670762  2.53287884793  2.60650548289  2.68355661250  2.76403223676  2.84793235566  2.93525696922  3.02600607742  3.12017968027  3.21777777778
