
  1.11111111111  1.11282335844  1.11796010041  1.12652133703  1.13850706830  1.15391729423  1.17275201480  1.19501123002  1.22069493989  1.24980314440  1.28233584357  1.31829303739  1.35767472586  1.40048090897  1.44671158674  1.49636675915  1.54944642621  1.60595058792  1.66587924429  1.72923239530  1.79601004096  1.86621218127  1.93983881622  2.01688994583  2.09736557009  2.18126568899  2.26859030255  2.35933941075  2.45351301361  2.55111111111
  1.11230017175  1.11584749473  1.12150633601  1.13047366672  1.14278708608  1.15846653626  1.17752415107  1.19996802165  1.22580387165  1.25503589839  1.28766723553  1.32370022496  1.36313658365  1.40597750795  1.45222373769  1.50187559174  1.55493298104  1.61139540093  1.67126190087  1.73453102596  1.80120071778  1.87126815090  1.94472945787  2.02157924279  2.10180965268  2.18540840719  2.27235401337  2.36260211869  2.45603935274  2.55230017175
  1.11586735368  1.11996706928  1.12608842640  1.13543578119  1.14806307899  1.16400336436  1.18327828942  1.20590287266  1.23188797693  1.26124167520  1.29397004570  1.33007765608  1.36956786761  1.41244302839  1.45870459321  1.50835319071  1.56138864817  1.61780997727  1.67761531771  1.74080182867  1.80736550704  1.87730089325  1.95060059041  2.02725445205  2.10724814074  2.19056041937  2.27715777942  2.36698357079  2.45993824434  2.55586735368
  1.12181265689  1.12635564917  1.13287485122  1.14256484869  1.15548315506  1.17166931334  1.19115118842  1.21394900445  1.24007781429  1.26954901375  1.30237128876  1.33855122098  1.37809368145  1.42100208642  1.46727855880  1.51692401968  1.56993822260  1.62631973477  1.68606586177  1.74917250339  1.81563391656  1.88544234192  1.95858741790  2.03505524903  2.11482689527  2.19787589389  2.28416427046  2.37363679857  2.46621608352  2.56181265689
  1.13013608138  1.13504482479  1.14190402601  1.15189684599  1.16507881599  1.18149160637  1.20116648979  1.22412717998  1.25039186709  1.27997461107  1.31288628403  1.34913520764  1.38872758431  1.43166778591  1.47795853965  1.52760103505  1.58059496494  1.63693850461  1.69662822584  1.75965893416  1.82602340649  1.89571199131  1.96871201030  2.04500686897  2.12457474679  2.20738672676  2.29340435605  2.38257724749  2.47484315206  2.57013608138
  1.14083762716  1.14605251854  1.15320184562  1.16345908224  1.17687592995  1.19349377975  1.21334533890  1.23645639577  1.26284730870  1.29253414602  1.32552952226  1.36184319861  1.40148250765  1.44445264712  1.49075687378  1.54039661700  1.59337152335  1.64967943605  1.70931630659  1.77227602899  1.83855017867  1.90812762842  1.98099400197  2.05713091677  2.13651497215  2.21911649244  2.30489821371  2.39381453952  2.48581272770  2.58083762716
  1.15391729423  1.15938989407  1.16678623763  1.17727218041  1.19089534853  1.20769572165  1.22770621406  1.25095365284  1.27745977101  1.30724206302  1.34031446738  1.37668788866  1.41637058456  1.45936844339  1.50568517203  1.55532240849  1.60827976735  1.66455482137  1.72414301741  1.78703751999  1.85322897079  1.92270514753  1.99545050329  2.07144557175  2.15066624673  2.23308300775  2.31866029883  2.40735649215  2.49912506531  2.59391729423
  1.16937508257  1.17506441120  1.18266998678  1.19335178904  1.20715373274  1.22411398021  1.24426497092  1.26763387877  1.29424321525  1.32411142497  1.35725340627  1.39368093686  1.43340300571  1.47642606028  1.52275417884  1.57238917615  1.62533064760  1.68157595419  1.74112014734  1.80395583003  1.87007294819  1.93945850583  2.01209620010  2.08796598307  2.16704358303  2.24930006833  2.33470161861  2.42320975972  2.51478232160  2.60937508257
  1.18721099221  1.19308130811  1.20086244335  1.21170986667  1.22566433305  1.24276216394  1.26303500378  1.28650995173  1.31320988185  1.34315382519  1.37635734246  1.41283285239  1.45258990224  1.49563537792  1.54197365507  1.59160669417  1.64453408189  1.70075301997  1.76025826157  1.82304199394  1.88909366642  1.95839976440  2.03094353524  2.10670468408  2.18565907892  2.26777853835  2.35303081737  2.44137993314  2.53278692910  2.62721099221
  1.20742502312  1.21344438291  1.22137056671  1.23235559489  1.24643763632  1.26365133748  1.28402745311  1.30759278254  1.33437029429  1.36437934472  1.39763592680  1.43415291054  1.47394025421  1.51700517610  1.56335228245  1.61298365033  1.66589886544  1.72209501487  1.78156663567  1.84430561997  1.91030107896  1.97953917152  2.05200290857  2.12767195552  2.20652247011  2.28852703397  2.37365475423  2.46187161201  2.55314109172  2.64742502312
  1.23001717532  1.23615643561  1.24419957671  1.25529601408  1.26948186980  1.28679036844  1.30725141590  1.33089142198  1.35773329500  1.38779654126  1.42109741670  1.45764909403  1.49746182168  1.54054306022  1.58689758812  1.63652757249  1.68943260295  1.74560968814  1.80505321574  1.86775487831  1.93370356962  2.00288525972  2.07528286269  2.15087611932  2.22964152756  2.31155236463  2.39657885106  2.48468849852  2.57584665123  2.67001717532
  1.25498744880  1.26121953181  1.26935336938  1.28053646252  1.29480337943  1.31218621142  1.33271413523  1.35641317152  1.38330609626  1.41341245761  1.44674865597  1.48332805429  1.52316109474  1.56625540546  1.61261588712  1.66224477290  1.71514165882  1.77130350327  1.83072459688  1.89339650596  1.95930799529  2.02844494002  2.10079024131  2.17632376640  2.25502234112  2.33685982779  2.42180732231  2.50983349462  2.60090507395  2.69498744880
  1.28233584357  1.28863516572  1.29683478587  1.30808087755  1.32240690597  1.33984412916  1.36042115873  1.38416368417  1.41109433420  1.44123264029  1.47459506814  1.51119508776  1.55104325910  1.59414731645  1.64051224008  1.69014030779  1.74303112227  1.79918161302  1.85858601389  1.92123581986  1.98711972968  2.05622358442  2.12853031642  2.20401992757  2.28266952068  2.36445340978  2.44934333349  2.53730878699  2.62831747192  2.72233584357
  1.31206235962  1.31840436229  1.32664578627  1.33793199820  1.35229577958  1.36976785621  1.39037646204  1.41414704810  1.44110211781  1.47126116108  1.50464065758  1.54125412265  1.58111217357  1.62422259961  1.67059042393  1.72021794942  1.77310478415  1.82924784482  1.88864133942  1.95127673286  2.01714270237  2.08622509270  2.15850688505  2.23396819724  2.31258633583  2.39433592199  2.47918911039  2.56711591316  2.65808462856  2.75206235962
  1.34416699696  1.35052773937  1.35878755773  1.37009149510  1.38447204896  1.40195971151  1.42258253722  1.44636584928  1.47333206818  1.50350063682  1.53688801435  1.57350771302  1.61337035690  1.65648374585  1.70285291311  1.75248016852  1.80536512311  1.86150469331  1.92089308609  1.98352176873  2.04937942991  2.11845194198  2.19072233760  2.26617081741  2.34477480776  2.42650908867  2.51134600989  2.59925580695  2.69020701893  2.78416699696
  1.37864975558  1.38500554136  1.39326057382  1.40456004350  1.41893655579  1.43642066539  1.45704044714  1.48082121166  1.50778534501  1.53795224428  1.57133831966  1.60795703728  1.64781898161  1.69093192168  1.73730086979  1.78692812520  1.83981329894  1.89595331802  1.95534241035  2.01797207405  2.08383103737  2.15290521881  2.22517769998  2.30062872733  2.37923576164  2.46097359550  2.54581455828  2.63372882304  2.72468482092  2.81864975558
  1.41551063549  1.42183764969  1.43006461358  1.44133734745  1.45568896076  1.47315036438  1.49374984708  1.51751281440  1.54446165930  1.57461572842  1.60799135054  1.64460189993  1.68445787361  1.72756696757  1.77393414177  1.82356166727  1.87644915212  1.93259354486  1.99198911670  2.05462742582  2.12049726971  2.18958463419  2.26187265135  2.33734158228  2.41596884400  2.49772910316  2.58259445964  2.67053474046  2.76151791596  2.85551063549
  1.45474963668  1.46102357162  1.46919874241  1.48042211796  1.49472772324  1.51214711533  1.53270897416  1.55643888637  1.58335927181  1.61348940378  1.64684548297  1.68344073579  1.72328551698  1.76638740296  1.81275126760  1.86237933531  1.91527120878  1.97142387090  2.03083166192  2.09348623469  2.15937649317  2.22848852203  2.30080551862  2.37630774300  2.45497250685  2.53677422706  2.62168457389  2.70967274353  2.80070587782  2.89474963668
  1.49636675915  1.50256240492  1.51066125152  1.52181200170  1.53605003278  1.55340782808  1.57391460500  1.59759617860  1.62447497825  1.65457014956  1.68789769414  1.72447061706  1.76429906407  1.80739043800  1.85374948889  1.90337837468  1.95627669136  2.01244147259  2.07186715965  2.13454554413  2.20046568724  2.26961382202  2.34197324839  2.41752423617  2.49624395779  2.57810648114  2.66308286149  2.75114137677  2.84224794706  2.93636675915
  1.54036200291  1.54645277158  1.55444954557  1.56550345123  1.57965168618  1.59692791434  1.61736198152  1.64097991615  1.66780408312  1.69785340036  1.73114356541  1.76768726458  1.80749435196  1.85057199292  1.89692477053  1.94655475490  1.99946153564  2.05564221843  2.11509138630  2.17780102702  2.24376042873  2.31295604785  2.38537135687  2.46098668495  2.53977907346  2.62172218101  2.70678628822  2.79493846738  2.88614298720  2.98036200291
  1.58673536795  1.59269270638  1.60055995880  1.61149151964  1.62552690024  1.64270113886  1.66304470565  1.68658373225  1.71334036559  1.74333313579  1.77657728864  1.81308506532  1.85286592690  1.89592672606  1.94227182999  1.99190319787  2.04482041539  2.10102068755  2.16049879046  2.22324698180  2.28925487003  2.35850924281  2.43099385828  2.50668920806  2.58557227149  2.66761629789  2.75279067897  2.84106100410  2.93238941519  3.02673536795
  1.63548685427  1.64127947325  1.64898746420  1.65976955225  1.67366804568  1.69071941960  1.71095460570  1.73439958999  1.76107604310  1.79100187388  1.82419167977  1.86065709903  1.90040707885  1.94344807266  1.98978417713  2.03941721623  2.09234677662  2.14857019658  2.20808250821  2.27087633124  2.33694171511  2.40626592565  2.47883317351  2.55462428601  2.63361633458  2.71578225099  2.80109050295  2.88950495398  2.98098509424  3.07548685427
  1.68661646188  1.69220925645  1.69972521343  1.71032873382  1.72406528576  1.74097257675  1.76108158189  1.78441770094  1.81100174110  1.84085067489  1.87397820462  1.91039517766  1.95010988887  1.99312829615  2.03945416659  2.08908916389  2.14203288347  2.19828283734  2.25783438814  2.32068062837  2.38681219811  2.45621703169  2.52888002226  2.60478259403  2.68390217958  2.76621162134  2.85167856340  2.94026498637  3.03192716685  3.12661646188
  1.74012419078  1.74547661703  1.75276379735  1.76315743294  1.77670610629  1.79344804039  1.81341344738  1.83662645577  1.86310648062  1.89286916389  1.92592702254  1.96228990143  2.00196529202  2.04495855428  2.09127306422  2.14091030067  2.19386987823  2.25014952883  2.30974503017  2.37265007515  2.43885607166  2.50835185714  2.58112330623  2.65715280507  2.73641856547  2.81889376551  2.90454555135  2.99333405187  3.08521178827  3.18012419078
  1.79601004096  1.80107347313  1.80809003282  1.81824027275  1.83157474262  1.84813054731  1.86793579524  1.89101238982  1.91737769885  1.94704558181  1.98002705411  2.01633073533  2.05596315831  2.09892898168  2.14523112960  2.19487087282  2.24784785791  2.30416008672  2.36380384331  2.42677356084  2.49306161446  2.56265801857  2.63554999601  2.71172137311  2.79115173971  2.87381530510  2.95967940422  3.04870272671  3.14083368230  3.23601004096
  1.85427401242  1.85898703060  1.86568494434  1.87555687805  1.88865156358  1.90500189643  1.92463194071  1.94756021343  1.97380132003  2.00336687451  2.03626607810  2.07250610917  2.11209239347  2.15502879039  2.20131771549  2.25096021089  2.30395596941  2.36030331377  2.41999912738  2.48303872823  2.54941566993  2.61912144425  2.69214504375  2.76847231989  2.84808503685  2.93095947435  3.01706438811  3.10635816582  3.19878535787  3.29427401242
  1.91491610517  1.91919519108  1.92552044430  1.93508038771  1.94791259664  1.96404089088  1.98348300774  2.00625294052  2.03236189179  2.06181882694  2.09463086111  2.13080354277  2.17034106039  2.21324638850  2.25952138476  2.30916684564  2.36218252468  2.41856711372  2.47831818356  2.54143207574  2.60790372975  2.67772641942  2.75089135397  2.82738706835  2.90719847280  2.99030533547  3.07667980948  3.16628239164  3.25905562543  3.35491610517
  1.97793631920  1.98165536566  1.98755432283  1.99677630175  2.00932960802  2.02522365588  2.04446823062  2.06707213862  2.09304279408  2.12238624405  2.15510731973  2.19120979550  2.23069652049  2.27356951645  2.31983004417  2.36947864167  2.42251513624  2.47893863015  2.53874745713  2.60193910269  2.66851007589  2.73845571040  2.81176985637  2.88844439324  2.96846843226  3.05182694840  3.13849829998  3.22844946721  3.32162654072  3.41793631920
  2.04333465451  2.04627463642  2.05172515795  2.06060348524  2.07287142892  2.08852450898  2.10756549534  2.12999829358  2.15582651142  2.18505317184  2.21768071107  2.25371103751  2.29314559258  2.33598539884  2.38223109344  2.43188294748  2.48494087192  2.54140440986  2.60127271342  2.66454450150  2.73121799124  2.80129079068  2.87475972980  2.95162058705  3.03186762540  3.11549275003  3.20248383189  3.29282094064  3.38646649444  3.48333465451
  2.11111111111  2.11282335844  2.11796010041  2.12652133703  2.13850706830  2.15391729423  2.17275201480  2.19501123002  2.22069493989  2.24980314440  2.28233584357  2.31829303739  2.35767472586  2.40048090897  2.44671158674  2.49636675915  2.54944642621  2.60595058792  2.66587924429  2.72923239530  2.79601004096  2.86621218127  2.93983881622  3.01688994583  3.09736557009  3.18126568899  3.26859030255  3.35933941075  3.45351301361  3.55111111111
