
  3.22222222222  3.22393446955  3.22907121152  3.23763244814  3.24961817942  3.26502840534  3.28386312591  3.30612234113  3.33180605100  3.36091425552  3.39344695468  3.42940414850  3.46878583697  3.51159202008  3.55782269785  3.60747787026  3.66055753732  3.71706169904  3.77699035540  3.84034350641  3.90712115207  3.97732329238  4.05094992734  4.12800105694  4.20847668120  4.29237680011  4.37970141366  4.47045052187  4.56462412472  4.66222222222
  3.22341128286  3.22696072109  3.23262165283  3.24159102468  3.25390641192  3.26958773366  3.28864710177  3.31109258681  3.33692989352  3.36616320214  3.39879563130  3.43482951008  3.47426654504  3.51710792460  3.56335438325  3.61300623717  3.66606339734  3.72252536177  3.78239118526  3.84565942085  3.91232802054  3.98239417172  4.05585402196  4.13270219246  4.21293084914  4.29652773222  4.38347137068  4.47371743507  4.56715257888  4.66341128286
  3.22697846479  3.23108238610  3.23720789962  3.24655931275  3.25919052325  3.27513452979  3.29441294089  3.31704073413  3.34302873474  3.37238498174  3.40511552347  3.44122490213  3.48071645827  3.52359252422  3.56985454418  3.61950314145  3.67253814333  3.72895856684  3.78876256231  3.85194730469  3.91850881162  3.98844164897  4.06173844976  4.13838910147  4.21837930430  4.30168786201  4.38828130970  4.47810304311  4.57105356071  4.66697846479
  3.23292376800  3.23747300714  3.24399838280  3.25369440823  3.26661852624  3.28281021169  3.30229726466  3.32509984861  3.35123296046  3.38070794562  3.41353344561  3.44971600431  3.48926046196  3.53217021141  3.57844735982  3.62809282036  3.68110634658  3.73748651366  3.79723064294  3.86033465764  3.92679284551  3.99659748499  4.06973825892  4.14620132224  4.22596779084  4.30901126268  4.39529382809  4.48476032882  4.57733344082  4.67292376800
  3.24124719250  3.24616415066  3.25303147032  3.26303221722  3.27622182966  3.29264188841  3.31232358088  3.33529054098  3.36156088534  3.39114860760  3.42406452149  3.46031689898  3.49991190199  3.54285387162  3.58914551434  3.63878800930  3.69178104933  3.74812282016  3.80780991434  3.87083716820  3.93719739918  4.00688100548  4.07987536717  4.15616395607  4.23572502517  4.31852973728  4.40453972477  4.49370469007  4.58596247705  4.68124719250
  3.25194873827  3.25717371601  3.26433301118  3.27459998073  3.28802621209  3.30465298621  3.32451290575  3.34763166102  3.37402952011  3.40372246993  3.43672305333  3.47304097047  3.51268350421  3.55565581452  3.60196113272  3.65160087539  3.70457468914  3.76088043000  3.82051407496  3.88346955586  3.94973849786  4.01930983482  4.09216926215  4.16829847872  4.24767417414  4.33026677070  4.41603910913  4.50494570295  4.59693392408  4.69194873827
  3.26502840534  3.27051284488  3.27792088931  3.28841825692  3.30205243987  3.31886328867  3.33888359477  3.36214007019  3.38865434199  3.41844380905  3.45152232575  3.48790072501  3.52758720617  3.57058761320  3.61690562312  3.66654285893  3.71949893526  3.77577143991  3.83535584965  3.89824537342  3.96443071129  4.03389971264  4.10663691469  4.18262294672  4.26183380849  4.34424009455  4.42980637173  4.51849114132  4.61024801484  4.70502840534
  3.28048619368  3.28618897654  3.29380784859  3.30450263363  3.31831709422  3.33528924588  3.35545138853  3.37883056531  3.40544916730  3.43532553050  3.46847445765  3.50490764504  3.54463401534  3.58765996560  3.63398954016  3.68362453674  3.73656455076  3.79280696033  3.85234685086  3.91517687580  3.98128704743  4.05066445120  4.12329287987  4.19915239416  4.27821884272  4.36046342464  4.44585245911  4.53434761868  4.62590688548  4.72048619369
  3.29832210332  3.30420733024  3.31200320166  3.32286501351  3.33683335206  3.35394437611  3.37422957539  3.39771590416  3.42442610304  3.45437908269  3.48759029790  3.52407207712  3.56383389418  3.60688257908  3.65322246989  3.70285550817  3.75578128065  3.81199700804  3.87149748115  3.93427494316  4.00031891695  4.06961597819  4.14214948018  4.21789924846  4.29684128445  4.37894755164  4.46418595966  4.55252068829  4.64391294962  4.73832210332
  3.31853613423  3.32457168701  3.33251387392  3.34351452769  3.35761163394  3.37483966254  3.39522920022  3.41880688893  3.44559555229  3.47561441593  3.50887935776  3.54540314980  3.58519567054  3.62826407757  3.67461293629  3.72424430330  3.77715776430  3.83335042699  3.89281686933  3.95554904418  4.02153614260  4.09076442147  4.16321700682  4.23887369477  4.31771078796  4.39970102538  4.48481368209  4.57301491580  4.66426839407  4.75853613423
  3.34112828643  3.34728483184  3.35534505536  3.36645817216  3.38066010874  3.39798390111  3.41845927586  3.44211247478  3.46896625153  3.49903997284  3.53234977184  3.56890871666  3.60872697053  3.65181192927  3.69816832774  3.74779831116  3.80070146921  3.85687483251  3.91631283239  3.97900722626  4.04494699312  4.11411820766  4.18650390681  4.26208397090  4.34083505255  4.42273059694  4.50774100388  4.59583397352  4.68697504558  4.78112828643
  3.36609855992  3.37234881750  3.38050061653  3.39170124741  3.40598507268  3.42338398539  3.44392697375  3.46763988176  3.49454532278  3.52466269821  3.55800827934  3.59459531912  3.63443417016  3.67753239251  3.72389484099  3.77352372579  3.82641864295  3.88257657397  3.94199185542  4.00465612175  4.07055822739  4.13968415752  4.21201694242  4.28753659611  4.36622010702  4.44804151407  4.53297210166  4.62098073793  4.71203435768  4.80609855992
  3.39344695468  3.39976512779  3.40798337786  3.41924765997  3.43359122601  3.45104512839  3.47163778314  3.49539469656  3.52233832867  3.55248805874  3.58586021854  3.62246816401  3.66232236219  3.70543047674  3.75179744040  3.80142550709  3.85431427953  3.91046071122  3.96985908362  4.03250096241  4.09837513931  4.16746756953  4.23976131934  4.31523654284  4.39387051153  4.47563772259  4.56051011016  4.64845737500  4.73944743195  4.83344695468
  3.42317347074  3.42953477974  3.43779528367  3.44910012544  3.46348186810  3.48097102683  3.50159563530  3.52538095690  3.55234932230  3.58252006550  3.61590952905  3.65253111144  3.69239533478  3.73550991603  3.78187982965  3.83150735410  3.88439209747  3.94053100102  3.99991832152  4.06254559629  4.12840159777  4.19747228759  4.26974078415  4.34518736113  4.42378949786  4.50552200310  4.59035723175  4.67826540648  4.76921504392  4.86317347074
  3.45527810807  3.46165838585  3.46993751050  3.48126029871  3.49565902692  3.51316397420  3.53380299238  3.55760121479  3.58458088710  3.61476129448  3.64815875729  3.68478666956  3.72465555909  3.76777315254  3.81414443389  3.86377168824  3.91665452666  3.97278989043  4.03217203587  4.09479250353  4.16064007844  4.22970075119  4.30195769329  4.37739126310  4.45597906176  4.53769605912  4.62251480755  4.71040575559  4.80133766329  4.89527810807
  3.48976086669  3.49613618783  3.50441052657  3.51572884708  3.53012353371  3.54762492804  3.56826090226  3.59205657711  3.61903416387  3.64921290187  3.68260906253  3.71923599374  3.75910418372  3.80222132829  3.84859239049  3.89821964484  3.95110270241  4.00723851506  4.06662136005  4.12924280877  4.19509168582  4.26415402796  4.33641305561  4.41184917297  4.49044001560  4.57216056592  4.65698335591  4.74487877167  4.83581546527  4.92976086669
  3.52662174660  3.53296806712  3.54121411093  3.55250547462  3.56687504917  3.58435353488  3.60496902019  3.62874672303  3.65570886360  3.68587463265  3.71926022180  3.75587888849  3.79574103458  3.83885428375  3.88522354726  3.93485107170  3.98773646519  4.04387670083  4.10326609857  4.16589628904  4.23175616491  4.30083182889  4.37310655028  4.44856074602  4.52717200591  4.60891518417  4.69376258093  4.78168423374  4.87264833130  4.96662174660
  3.56586074779  3.57215353365  3.58034733432  3.59158890025  3.60591204312  3.62334811436  3.64392559834  3.66766989849  3.69460326598  3.72474482191  3.75811063303  3.79471381168  3.83456461969  3.87767056286  3.92403646754  3.97366453422  4.02655436565  4.08270296872  4.14210473129  4.20475137690  4.27063190248  4.33973250684  4.41203652126  4.48752435803  4.56617349749  4.64795853970  4.73285135044  4.82082133145  4.91183583781  5.00586074779
  3.60747787026  3.61369169055  3.62180849856  3.63297678642  3.64723172581  3.66460560179  3.68512744321  3.70882288849  3.73571420438  3.76582038973  3.79915731704  3.83573788140  3.87557213898  3.91866742453  3.96502844225  4.01465732704  4.06755367497  4.12371454279  4.18313441770  4.24580515946  4.31171591891  4.38085303911  4.45319994914  4.52873706556  4.60744172341  4.68928816719  4.77424764067  4.86228861997  4.95337723073  5.04747787026
  3.65147311402  3.65758116774  3.66559502409  3.67666560911  3.69082992486  3.70812144669  3.72856984110  3.75220096852  3.77903703917  3.80909683142  3.84239592000  3.87894688663  3.91875950021  3.96184086134  4.00819550952  4.05782549295  4.11073040128  4.16690736219  4.22635100236  4.28905337441  4.35500385170  4.42418899531  4.49659240055  4.57219453614  4.65097259813  4.73290041306  4.81794844083  4.90608394224  4.99727138148  5.09147311402
  3.69784647906  3.70382001040  3.71170326586  3.72265045221  3.73670089756  3.75388946355  3.77424645233  3.79779783815  3.82456562305  3.85456820641  3.88782071897  3.92433530393  3.96412134255  4.00718562682  4.05353248313  4.10316385013  4.15607931355  4.21227609900  4.27174902346  4.33449040539  4.40048993308  4.46973449223  4.54220795604  4.61789094688  4.69676058898  4.77879028901  4.86394960661  4.95220430774  5.04351671746  5.13784647906
  3.74659796539  3.75240549530  3.76012822234  3.77092469885  3.78483706437  3.80190163138  3.82214917686  3.84560554191  3.87229226372  3.90222713077  3.93542463454  3.97189632307  4.01165107006  4.05469527308  4.10103299120  4.15066602949  4.20359397465  4.25981418393  4.31932172709  4.38210927980  4.44816696502  4.51748213886  4.59003911793  4.66581884994  4.74479853972  4.82695126396  4.91224564500  5.00064570898  5.09211111468  5.18659796539
  3.79772757300  3.80333382171  3.81086307508  3.82147957818  3.83522864691  3.85214784203  3.87226799904  3.89561438696  3.92220769258  3.95206477979  3.98519925533  4.02162188514  4.06134089777  4.10436220072  4.15068952715  4.20032452372  4.25326678588  4.30951384275  4.36906109096  4.43190167348  4.49802629672  4.56742297648  4.64007670152  4.71596900466  4.79507743888  4.87737497734  4.96282940365  5.05140284517  5.14305173065  5.23772757300
  3.85123530189  3.85659956776  3.86389844887  3.87430350921  3.88786319732  3.90461560703  3.92459082765  3.94781287262  3.97430105105  4.00407090931  4.03713488026  4.07350273709  4.11318191293  4.15617772337  4.20249351458  4.25213075039  4.30508904542  4.36136614666  4.42095786173  4.48385792793  4.55005781155  4.61954642169  4.69230971712  4.76833017960  4.84758612684  4.93005085200  5.01569162402  5.10446870089  5.19633473772  5.29123530189
  3.90712115207  3.91219467053  3.91922119823  3.92938117103  3.94272502447  3.95928975343  3.97910336168  4.00218765461  4.02855990976  4.05823390516  4.09122058459  4.12752850656  4.16716415423  4.21013214842  4.25643538786  4.30607513054  4.35905102303  4.41536108002  4.47500161105  4.53796708712  4.60424993310  4.67384022447  4.74672525573  4.82288893466  4.90231094135  4.98496558308  5.07082029942  5.15983389000  5.25195487860  5.34712115207
  3.96538512353  3.97010635641  3.97681238853  3.98669224910  3.99979457701  4.01615217817  4.03578903145  4.05872357403  4.08497033784  4.11454087056  4.14744431505  4.18368779998  4.22327671059  4.26621487552  4.31250468961  4.36214718457  4.41514205323  4.47148762876  4.53118081534  4.59421696176  4.66058966214  4.73029045798  4.80330840022  4.87962940664  4.95923531493  5.04210248463  5.12819975665  5.21748560828  5.30990468279  5.40538512353
  4.02602721628  4.03031254899  4.03664397577  4.04620994711  4.05904796763  4.07518178899  4.09462908371  4.11740378436  4.14351703762  4.17297775843  4.20579301755  4.24196832567  4.28150784046  4.32441451304  4.37069018532  4.42033564586  4.47335064822  4.52973389216  4.58948296430  4.65259422958  4.71906265832  4.78888156214  4.86204219467  4.93853314128  5.01833936814  5.10144070406  5.18780936697  5.27740592180  5.37017298267  5.46602721628
  4.08904743031  4.09277068245  4.09867379598  4.10789983321  4.12045705214  4.13635482115  4.15560288189  4.17820999987  4.20418355165  4.23352955033  4.26625279721  4.30235704125  4.34184511084  4.38471901197  4.43097999483  4.48062859210  4.53366463108  4.59008721941  4.64989470143  4.71308457843  4.77965338020  4.84959646588  4.92290771551  4.99957904248  5.07959959566  5.16295439091  5.24962183016  5.33956893947  5.43274185706  5.52904743031
  4.15444576562  4.15738786277  4.16284047473  4.17172084315  4.18399075469  4.19964570630  4.21868844593  4.24112285863  4.26695253317  4.29618047546  4.32880910669  4.36484032248  4.40427555381  4.44711581532  4.49336173883  4.54301359275  4.59607128806  4.65253437054  4.71240199766  4.77567289624  4.84234529386  4.91241681137  4.98588429378  5.06274353662  5.14298882178  5.22661207499  5.31360118915  5.40393625697  5.49757972056  5.59444576562
  4.22222222222  4.22393446955  4.22907121152  4.23763244814  4.24961817942  4.26502840534  4.28386312591  4.30612234113  4.33180605100  4.36091425552  4.39344695468  4.42940414850  4.46878583697  4.51159202008  4.55782269785  4.60747787026  4.66055753732  4.71706169904  4.77699035540  4.84034350641  4.90712115207  4.97732329238  5.05094992734  5.12800105694  5.20847668120  5.29237680011  5.37970141366  5.47045052187  5.56462412472  5.66222222222
