
  0.11111111111  0.11282335844  0.11796010041  0.12652133703  0.13850706830  0.15391729423  0.17275201480  0.19501123002  0.22069493989  0.24980314440  0.28233584357  0.31829303739  0.35767472586  0.40048090897  0.44671158674  0.49636675915  0.54944642621  0.60595058792  0.66587924429  0.72923239530  0.79601004096  0.86621218127  0.93983881622  1.01688994583  1.09736557009  1.18126568899  1.26859030255  1.35933941075  1.45351301361  1.55111111111
  0.11230017175  0.11564398264  0.12110281097  0.12987696147  0.14200705409  0.15751562526  0.17641690660  0.19872056816  0.22443341611  0.25356029301  0.28610462520  0.32206879193  0.36145438989  0.40426242525  0.45049344783  0.50014763427  0.55322482350  0.60972450590  0.66964576567  0.73298717309  0.79974661866  0.86992107100  0.94350621870  1.02049590494  1.10088113360  1.18464805683  1.27177317851  1.36220973204  1.45584158360  1.55230017175
  0.11586735368  0.11956291046  0.12528705493  0.13425076102  0.14651397128  0.16211488137  0.18107930968  0.20342541152  0.22916620149  0.25831103667  0.29086657950  0.32683747486  0.36622684792  0.40903667135  0.45526802422  0.50492125350  0.55799604333  0.61449139469  0.67440551456  0.73773560987  0.80447757338  0.87462553364  0.94817120933  1.02510294039  1.10540411740  1.18905038928  1.27600426928  1.36620431390  1.45954548772  1.55586735368
  0.12181265689  0.12575649358  0.13168683073  0.14080805879  0.15318657770  0.16886956483  0.18789106185  0.21027594605  0.23604246509  0.26520392479  0.29776988436  0.33374704723  0.37313994106  0.41595143098  0.46218308674  0.51183541372  0.56490795308  0.62139925400  0.68130671778  0.74462630952  0.81135212533  0.88147578836  0.95498561916  1.03186547261  1.11209303611  1.19563722809  1.28245417617  1.37248154977  1.46563382471  1.56181265689
  0.13013608138  0.13425895153  0.14034576515  0.14959253307  0.16206643488  0.17781915088  0.19689005615  0.21930897260  0.24509828939  0.27427458292  0.30684988338  0.34283268487  0.38222875114  0.42504174078  0.47127366212  0.52092516275  0.57399565663  0.63048329150  0.69038475770  0.75369493678  0.82040638333  0.89050862377  0.96398723947  1.04082267495  1.12098867843  1.20445027029  1.29116126131  1.38106194951  1.47407942978  1.57013608138
  0.14083762716  0.14509061727  0.15129453165  0.16063855683  0.17318864077  0.18899842121  0.20811052385  0.23055822077  0.25636702257  0.28555609434  0.31813948678  0.35412719110  0.39352602025  0.43634031317  0.48257245665  0.53222322159  0.58529191276  0.64177633398  0.70167257136  0.76497459769  0.83167369937  0.90175772498  0.97521015067  1.05200895447  1.13212530048  1.21552208600  1.30215257710  1.39195978103  1.48487792275  1.58083762716
  0.15391729423  0.15826479874  0.16455530945  0.17397303999  0.18658226523  0.20243728235  0.22158260828  0.24405383323  0.26987873348  0.29907844759  0.33166861870  0.36766044545  0.40706160072  0.44987698710  0.49610930705  0.54575943485  0.59882658468  0.65530827559  0.71520009805  0.77849528979  0.84518413199  0.91525318052  0.98868435341  1.06545390728  1.14553136350  1.22887850598  1.31544870107  1.40518699783  1.49803164318  1.59391729423
  0.16937508257  0.17379080405  0.18014454909  0.18961705404  0.20227106232  0.21816093513  0.23733224797  0.25982210643  0.28565988339  0.31486817534  0.34746384035  0.38345901945  0.42286206749  0.46567833894  0.51191079104  0.56156038182  0.61462625263  0.67110569443  0.73099390431  0.79428354501  0.86096412709  0.93102124238  1.00443569013  1.08118255631  1.16123033714  1.24454024724  1.33106592516  1.42075382307  1.51354454609  1.60937508257
  0.18721099221  0.19167541229  0.19807465804  0.20758708279  0.22027420582  0.23619022046  0.25538127359  0.27788544109  0.30373319422  0.33294817741  0.36554814870  0.40154596233  0.44095049716  0.48376745843  0.53000000237  0.57964915262  0.63271399368  0.68919163948  0.74907698475  0.81236225649  0.87903639246  0.94908428616  1.02248595408  1.09921570196  1.17924139368  1.26252395892  1.34901730764  1.43866882691  1.53142056481  1.62721099221
  0.20742502312  0.21192366065  0.21835505506  0.22789595081  0.24060695569  0.25654203755  0.27574764026  0.29826245056  0.32411767927  0.35333770497  0.38594093361  0.42194074288  0.46134640154  0.50416387829  0.55039647952  0.60004527835  0.65310931624  0.70958557401  0.76946872138  0.83275066546  0.89941993101  0.96946091976  1.04285311381  1.11957030849  1.19957998146  1.28284292367  1.36931326513  1.45893900856  1.55166311154  1.64742502312
  0.23001717532  0.23453930577  0.24099285995  0.25055351529  0.26328123419  0.27922977732  0.29844573650  0.32096817673  0.34682879563  0.37605247210  0.40865806414  0.44465932081  0.48406579079  0.52688363330  0.57311626367  0.62276479072  0.67582822426  0.73230344855  0.79218497171  0.85546447410  0.92213019263  0.99216619345  1.06555160384  1.14225989262  1.22225830510  1.30550756793  1.39196197390  1.48156992660  1.57427496230  1.67001717532
  0.25498744880  0.25952511676  0.26599336689  0.27556718981  0.28830611364  0.30426373782  0.32348672451  0.34601436758  0.37187867520  0.40110485479  0.43371206685  0.46971431239  0.50912133166  0.55193941492  0.59817205245  0.64782037726  0.70088337668  0.75735786799  0.81723824852  0.88051604521  0.94717930319  1.01721186934  1.09059264471  1.16729489679  1.24728573565  1.33052586162  1.41696968067  1.50656585126  1.59925827165  1.69498744880
  0.28233584357  0.28688307259  0.29336038129  0.30294234492  0.31568822128  0.33165150056  0.35087887671  0.37340977570  0.39927639245  0.42850413615  0.46111235576  0.49711521060  0.53652256197  0.57934078296  0.62557341094  0.67522159353  0.72828430292  0.78475831313  0.84463795109  0.90791464768  0.97457632986  1.04460671203  1.11798456186  1.19468303225  1.27466916119  1.35790364267  1.44434095660  1.53392991431  1.62661462653  1.72233584357
  0.31206235962  0.31661449887  0.32309646207  0.33268261153  0.34543206424  0.36139825114  0.38062787969  0.40316044243  0.42902823055  0.45825675856  0.49086547436  0.52686862060  0.56627612210  0.60909439507  0.65532700074  0.70497509325  0.75803763549  0.81451137752  0.87439060855  0.93766670910  1.00432754574  1.07435676708  1.14773307713  1.22442957734  1.30441327795  1.38764487858  1.47407890296  1.56366424085  1.65634510532  1.75206235962
  0.34416699696  0.34872016079  0.35520309048  0.36479009991  0.37754027417  0.39350703124  0.41273708291  0.43526993864  0.46113791372  0.49036654859  0.52297531507  0.55897847537  0.59838596839  0.64120421897  0.68743679201  0.73708484093  0.79014732424  0.84662098445  0.90650010069  0.96977604167  1.03643666176  1.10646559882  1.17984155008  1.25653761663  1.33652081656  1.41975186535  1.50618530750  1.59577005283  1.68845032738  1.78416699696
  0.37864975558  0.38320032002  0.38968077547  0.39926554025  0.41201376923  0.42797891133  0.44720767476  0.46973954046  0.49560678075  0.52483488817  0.55744328839  0.59344620340  0.63285353986  0.67567169889  0.72190422993  0.77155227885  0.82461480416  0.88108855593  0.94096782872  1.00424401499  1.07090500134  1.14093446586  1.21431115189  1.29100820848  1.37099269664  1.45422536042  1.54066074784  1.63024773782  1.72293048661  1.81864975558
  0.41551063549  0.42005475870  0.42652909935  0.43610834615  0.44885183113  0.46481307694  0.48403877514  0.50656832547  0.53243388356  0.56166081444  0.59426842341  0.63027082971  0.66967785961  0.71249585706  0.75872833645  0.80837642895  0.86143909748  0.91791311503  0.97779281765  1.04106965815  1.10773160162  1.17776242009  1.25114096018  1.32784047279  1.40782810375  1.49106464547  1.57750463757  1.66709687813  1.75978536515  1.85551063549
  0.45474963668  0.45928277086  0.46574670400  0.47531660046  0.48805209490  0.50400682527  0.52322743931  0.54575318363  0.57161600364  0.60084104049  0.63344739166  0.66944900164  0.70885556179  0.75167332152  0.79790573835  0.84755392094  0.90061684149  0.95709131295  1.01697174212  1.08024968359  1.14691323420  1.21694632322  1.29032796979  1.36703159485  1.44702448590  1.53026751629  1.61671521214  1.70631623702  1.79901432481  1.89474963668
  0.49636675915  0.50088311916  0.50733121452  0.51688696101  0.52961045064  0.54555547215  0.56476857485  0.58728874465  0.61314758888  0.64236989935  0.67497445626  0.71097494148  0.75038084643  0.79319828201  0.83943062361  0.88907894842  0.94214224377  0.99861738275  1.05849887761  1.12177843462  1.18844434775  1.25848078301  1.33186702178  1.40857674713  1.48857746997  1.57183019862  1.65828945187  1.74790369888  1.84061627405  1.93636675915
  0.54036200291  0.54485395145  0.55127909312  0.56081448125  0.57352085668  0.58945217398  0.60865477920  0.63116723221  0.65702062181  0.68623922314  0.71884135853  0.75484033798  0.79424537380  0.83706238592  0.88329463779  0.93294316484  0.98600697688  1.04248303156  1.10236598888  1.16564776849  1.23231694366  1.30235801964  1.37575065932  1.45246893532  1.53248070176  1.61574719042  1.70222293985  1.79185615978  1.88458960799  1.98036200291
  0.58673536795  0.59119266559  0.59758540849  0.60709233631  0.61977506346  0.63568767216  0.65487611196  0.67737826234  0.70322443903  0.73243817745  0.76503716261  0.80103419734  0.84043811918  0.88325459482  0.92948674103  0.97913553986  1.03220003277  1.08867729165  1.14856217584  1.21184689445  1.27852040349  1.34856767952  1.42196892559  1.49869878019  1.57872561607  1.66201103144  1.74850965063  1.83816936199  1.93093211648  2.02673536795
  0.63548685427  0.63989569891  0.64624349167  0.65571143660  0.66836224665  0.68424997188  0.70341982217  0.72590861117  0.75174552852  0.78095307887  0.81354808568  0.84954268109  0.88894521502  0.93176102875  0.97799305274  1.02764220299  1.08070756401  1.13718635734  1.19707370350  1.26036219347  1.32704129392  1.39709662045  1.47050912416  1.54725425055  1.62730114510  1.71061199975  1.79714166146  1.88683766055  1.97964085143  2.07548685427
  0.68661646188  0.69095819293  0.69724442402  0.70665989881  0.71926854720  0.73512397288  0.75427005838  0.77674198353  0.80256733766  0.83176722780  0.86435734589  0.90034896274  0.93974981219  0.98256482947  1.02879671519  1.07844630597  1.13151274317  1.18799343913  1.24788384760  1.31117705055  1.37786317955  1.44792869664  1.52135556723  1.59812036671  1.67819337489  1.76153773213  1.84810876993  1.93785369800  2.03071193497  2.12661646188
  0.74012419078  0.74437342804  0.75057625472  0.75992232735  0.77247652036  0.78829107986  0.80740759863  0.82985882115  0.85567012912  0.88486079231  0.91744506194  0.95343313597  0.99283199268  1.03564607509  1.08187780817  1.13152793596  1.18459567267  1.24107866755  1.30097278858  1.36427173303  1.43096647670  1.50104457616  1.57448934133  1.65127889764  1.73138516101  1.81477276111  1.90139798843  1.99120794310  2.08414027248  2.18012419078
  0.79601004096  0.80013179038  0.80622276114  0.81547884654  0.82796451299  0.84372884029  0.86280965040  0.88523619481  0.91103092328  0.94021077740  0.97278823665  1.00877220563  1.04816876417  1.09098177596  1.13721334474  1.18686410968  1.23993337555  1.29641907789  1.35631758589  1.41962334756  1.48632838243  1.55642162569  1.62988812471  1.70670808101  1.78685571956  1.87029795822  1.95699286680  2.04688801053  2.13991909586  2.23601004096
  0.85427401242  0.85821870029  0.86416142653  0.87330384216  0.88570604111  0.90141069283  0.92044978609  0.94284782858  0.96862356396  0.99779111038  1.03036085173  1.06634018694  1.10573416126  1.14854597654  1.19477737271  1.24442887334  1.29749989240  1.35398870162  1.41389225978  1.47720590513  1.54392291079  1.61403389835  1.68752609545  1.76438240489  1.84458022038  1.92808987653  2.01487257041  2.10487761090  2.19803917854  2.29427401242
  0.91491610517  0.91861003199  0.92436014303  0.93336450784  0.94566935964  0.96130596425  0.98029809396  1.00266430153  1.02841893604  1.05757286329  1.09013409156  1.12610832978  1.16549946968  1.20830997935  1.25454119791  1.30419352488  1.35726650146  1.41375878262  1.47366800032  1.53699051672  1.60372106383  1.67385225931  1.74737397464  1.82427250471  1.90452943554  1.98812001003  2.07501062522  2.16515486206  2.25848736313  2.35491610517
  0.97793631920  0.98126095294  0.98677225279  0.99561976771  1.00781764129  1.02338030769  1.04232161971  1.06465345540  1.09038534717  1.11952461961  1.15207670210  1.18804547333  1.22743357893  1.27024269643  1.31647373510  1.36612696437  1.41920206842  1.47569812570  1.53561351304  1.59894573247  1.66569115632  1.73584467933  1.80939925322  1.88634525041  1.96666954371  2.05035405928  2.13737327597  2.22768951175  2.32124353020  2.41793631920
  1.04333465451  1.04607612511  1.05133153653  1.06002139621  1.07211045377  1.08759675617  1.10648512042  1.12878099766  1.15448906089  1.18361297503  1.21615547618  1.25211852406  1.29150345656  1.33431112211  1.38054198030  1.43019616674  1.48327352036  1.53977357258  1.59969549780  1.66303802407  1.72979930067  1.79997671578  1.87356664819  1.95056411876  2.03096226450  2.11475145651  2.20191761325  2.29243845760  2.38627372607  2.48333465451
  1.11111111111  1.11282335844  1.11796010041  1.12652133703  1.13850706830  1.15391729423  1.17275201480  1.19501123002  1.22069493989  1.24980314440  1.28233584357  1.31829303739  1.35767472586  1.40048090897  1.44671158674  1.49636675915  1.54944642621  1.60595058792  1.66587924429  1.72923239530  1.79601004096  1.86621218127  1.93983881622  2.01688994583  2.09736557009  2.18126568899  2.26859030255  2.35933941075  2.45351301361  2.55111111111
