
 10.00000000000 10.00000000000 10.00000000000 10.00000000000 10.00000000000 10.00000000000 10.00000000000 10.00000000000 10.00000000000 10.00000000000 10.00000000000 10.00000000000 10.00000000000 10.00000000000 10.00000000000 10.00000000000 10.00000000000 10.00000000000 10.00000000000 10.00000000000 10.00000000000 10.00000000000 10.00000000000 10.00000000000 10.00000000000 10.00000000000 10.00000000000 10.00000000000 10.00000000000 10.00000000000 10.00000000000  0.00000000000
 10.00000000000  9.98859469384  9.97706692214  9.96529244541  9.95314340803  9.94048635380  9.92718001230  9.91307274830  9.89799953462  9.88177826146  9.86420512625  9.84504874593  9.82404248311  9.80087424977  9.77517270506  9.74648822087  9.71426612234  9.67780828972  9.63621680941  9.58830917590  9.53248696081  9.46652551645  9.38722377927  9.28979334337  9.16673173923  9.00560122654  8.78428840209  8.45990826766  7.94000664741  6.99924727712  5.01139684683  0.00000000000
 10.00000000000  9.97731194002  9.95438072204  9.93095970832  9.90679517126  9.88162241127  9.85516143726  9.82711200517  9.79714775059  9.76490906349  9.72999422575  9.69194814469  9.65024774134  9.60428264154  9.55332919773  9.49651491299  9.43276883568  9.36075107527  9.27875060263  9.18453373800  9.07511392123  8.94639205386  8.79257693578  8.60521847685  8.37153294592  8.07138525498  7.67164453056  7.11533835950  6.30087130173  5.04558578695  3.04634019699  0.00000000000
 10.00000000000  9.96627251693  9.93218466135  9.89737100565  9.86145583068  9.82404751130  9.78473229558  9.74306719659  9.69857163645  9.65071736621  9.59891601740  9.54250339851  9.48071929698  9.41268103004  9.33734821886  9.25347510272  9.15954493715  9.05367826059  8.93350244056  8.79596285320  8.63704446501  8.45135329082  8.23147478315  7.96697191972  7.64279742467  7.23676329218  6.71556693421  6.02893001130  5.10255492413  3.83588471563  2.12837832690  0.00000000000
 10.00000000000  9.95559372321  9.91071491184  9.86488458231  9.81761063574  9.76838073980  9.71665448757  9.66185450295  9.60335607262  9.54047475521  9.47245123377  9.39843241442  9.31744739893  9.22837642067  9.12991005460  9.02049487755  8.89826008529  8.76091709902  8.60562050371  8.42877315010  8.22575007424  7.99050401592  7.71499899402  7.38839883439  6.99592319464  6.51730500529  5.92493113494  5.18226082860  4.24453442793  3.06702033562  1.63128865185  0.00000000000
 10.00000000000  9.94538780244  9.89019735376  9.83384277725  9.77572270914  9.71521194772  9.65165232259  9.58434243359  9.51252581998  9.43537699304  9.35198458641  9.26133062922  9.16226460003  9.05347043689  8.93342400734  8.80033760787  8.65208676772  8.48611285250  8.29929256295  8.08776230562  7.84668166871  7.56991654293  7.24962098742  6.87570365330  6.43519369277  5.91160431002  5.28459339478  4.53064905918  3.62630262460  2.55637422034  1.32975628324  0.00000000000
 10.00000000000  9.93576054920  9.87084475203  9.80456769592  9.73622709896  9.66509401681  9.59040277277  9.51133976981  9.42703076385  9.33652606532  9.23878298254  9.13264461130  9.01681379475  8.88982070401  8.74998199841  8.59534888947  8.42364063581  8.23215904872  8.01767857448  7.77630570041  7.50330144730  7.19286299261  6.83786801418  6.42960408178  5.95754629411  5.40932749853  4.77119107243  4.02944101186  3.17365402309  2.20241846642  1.13136267715  0.00000000000
 10.00000000000  9.92681013249  9.85285438454  9.77735760585  9.69952588461  9.61853659907  9.53352774963  9.44358626493  9.34773491188  9.24491735313  9.13398077878  9.01365538852  8.88252980707  8.73902127631  8.58133918194  8.40744015456  8.21497267610  8.00120892121  7.76296167615  7.49648501763  7.19735977731  6.86037007769  6.47938782619  6.04730187715  5.55606305923  4.99697108534  4.36140473583  3.64227180338  2.83645543990  1.94828392039  0.99327644910  0.00000000000
 10.00000000000  9.91862615510  9.83640615983  9.75248411212  9.66598441312  9.57600142619  9.48158851766  9.38174622678  9.27540926963  9.16143202508  9.03857207914  8.90547131671  8.76063394917  8.60240076021  8.42891875913  8.23810538797  8.02760651009  7.79474774449  7.53647953929  7.24931809711  6.92928752642  6.57187440285  6.17201570426  5.72415654542  5.22243657871  4.66109220367  4.03518766314  3.34178820448  2.58161366654  1.76098643818  0.89345975776  0.00000000000
 10.00000000000  9.91128894994  9.82166122497  9.73019010988  9.63592865368  9.53789915809  9.43508217965  9.32640485892  9.21072837011  9.08683425934  8.95340941263  8.80902936884  8.65213967707  8.48103500706  8.29383578253  8.08846226724  7.86260637095  7.61370208351  7.33889659023  7.03502606948  6.69860334723  6.32582951967  5.91264890352  5.45487647687  4.94843851052  4.38977699911  3.77646849176  3.10808210896  2.38722642379  1.62058964541  0.81957676564  0.00000000000
 10.00000000000  9.90486909822  9.80876103023  9.71068845649  9.60964357843  9.50458762758  9.39444001521  9.27806702766  9.15426995347  9.02177253299  8.87920763476  8.72510309022  8.55786667237  8.37577030097  8.17693372599  7.95930822554  7.72066132099  7.45856425767  7.17038516118  6.85329253251  6.50427629462  6.12019711662  5.69787921674  5.23426680894  4.72666835592  4.17311262176  3.57283045057  2.92684796062  2.23862228197  1.51457030407  0.76425833789  0.00000000000
 10.00000000000  9.89942714085  9.79782679010  9.69416126205  9.58737241432  9.47637125153  9.36002733760  9.23715797126  9.10651709975  8.96678397594  8.81655161125  8.65431514680  8.47846037063  8.28725276612  8.07882770934  7.85118277616  7.60217361797  7.32951557944  7.03079423198  6.70348935417  6.34501864399  5.95280954353  5.52440972942  5.05764840288  4.55086017065  4.00317879311  3.41489622108  2.78785983934  2.12584659405  1.43481239983  0.72288701000  0.00000000000
 10.00000000000  9.89501344541  9.78895926001  9.68075966676  9.56931656804  9.45350132190  9.33214446223  9.20402537982  9.06786201718  8.92230068103  8.76590614939  8.59715235129  8.41441403763  8.21596005482  7.99994909565  7.76442915636  7.50734239990  7.22653773671  6.91979420440  6.58485914858  6.21950621985  5.82161914596  5.38930777577  4.92106242133  4.41595009049  3.87385050878  3.29571949656  2.68385158435  2.04209413454  1.37594722395  0.69247807262  0.00000000000
 10.00000000000  9.89166818539  9.78223873873  9.67060395782  9.55563600555  9.43617686549  9.31102835298  9.17894224908  9.03861067250  8.88865687076  8.72762670341  8.55398121173  8.36609083187  8.16223201917  7.94058732351  7.69925029668  7.43623703150  7.14950662453  6.83699339963  6.49665427397  6.12653508125  5.72485979411  5.29014609554  4.82134918059  4.31803244166  3.78055819834  3.21028353172  2.60973600335  1.98273351667  1.33440588978  0.67107886114  0.00000000000
 10.00000000000  9.88942138805  9.77772520443  9.66378387812  9.54644986864  9.42454576603  9.29685452542  9.16210993904  9.01898750378  8.86609591867  8.70196954941  8.52506233165  8.33374375821  8.12629781473  7.90092599822  7.65575587516  7.38885700471  7.09826644596  6.78202644386  6.43823716571  6.06512740836  5.66114582136  5.22507412422  4.75616171462  4.25427764522  3.72007100153  3.15512441311  2.56207861845  1.94470049689  1.30786561008  0.65743231280  0.00000000000
 10.00000000000  9.88829301050  9.77545850038  9.66035899123  9.54183713087  9.41870587301  9.28973883273  9.15366093852  9.00913956106  8.85477638001  8.68910035835  8.51056233381  8.31753191603  8.10829759901  7.88107126609  7.63399857356  7.36517703876  7.07268399734  6.75461687982  6.40914839809  6.03459909167  5.62952907317  5.19284949466  4.72395198462  4.22285088371  3.69032853855  3.12806856917  2.53875686646  1.92612675202  1.29492542838  0.65078562809  0.00000000000
 10.00000000000  9.88829301050  9.77545850038  9.66035899123  9.54183713087  9.41870587301  9.28973883273  9.15366093852  9.00913956106  8.85477638001  8.68910035835  8.51056233381  8.31753191603  8.10829759901  7.88107126609  7.63399857356  7.36517703876  7.07268399734  6.75461687982  6.40914839809  6.03459909167  5.62952907317  5.19284949466  4.72395198462  4.22285088371  3.69032853855  3.12806856917  2.53875686646  1.92612675202  1.29492542838  0.65078562809  0.00000000000
 10.00000000000  9.88942138805  9.77772520443  9.66378387812  9.54644986864  9.42454576603  9.29685452542  9.16210993904  9.01898750378  8.86609591867  8.70196954941  8.52506233165  8.33374375821  8.12629781473  7.90092599822  7.65575587516  7.38885700471  7.09826644596  6.78202644386  6.43823716571  6.06512740836  5.66114582136  5.22507412422  4.75616171462  4.25427764522  3.72007100153  3.15512441311  2.56207861845  1.94470049689  1.30786561008  0.65743231280  0.00000000000
 10.00000000000  9.89166818539  9.78223873873  9.67060395782  9.55563600555  9.43617686549  9.31102835298  9.17894224908  9.03861067250  8.88865687076  8.72762670341  8.55398121173  8.36609083187  8.16223201917  7.94058732351  7.69925029668  7.43623703150  7.14950662453  6.83699339963  6.49665427397  6.12653508125  5.72485979411  5.29014609554  4.82134918059  4.31803244166  3.78055819834  3.21028353172  2.60973600335  1.98273351667  1.33440588978  0.67107886114  0.00000000000
 10.00000000000  9.89501344541  9.78895926001  9.68075966676  9.56931656804  9.45350132190  9.33214446223  9.20402537982  9.06786201718  8.92230068103  8.76590614939  8.59715235129  8.41441403763  8.21596005482  7.99994909565  7.76442915636  7.50734239990  7.22653773671  6.91979420440  6.58485914858  6.21950621985  5.82161914596  5.38930777577  4.92106242133  4.41595009049  3.87385050878  3.29571949656  2.68385158435  2.04209413454  1.37594722395  0.69247807262  0.00000000000
 10.00000000000  9.89942714085  9.79782679010  9.69416126205  9.58737241432  9.47637125153  9.36002733760  9.23715797126  9.10651709975  8.96678397594  8.81655161125  8.65431514680  8.47846037063  8.28725276612  8.07882770934  7.85118277616  7.60217361797  7.32951557944  7.03079423198  6.70348935417  6.34501864399  5.95280954353  5.52440972942  5.05764840288  4.55086017065  4.00317879311  3.41489622108  2.78785983934  2.12584659405  1.43481239983  0.72288701000  0.00000000000
 10.00000000000  9.90486909822  9.80876103023  9.71068845649  9.60964357843  9.50458762758  9.39444001521  9.27806702766  9.15426995347  9.02177253299  8.87920763476  8.72510309022  8.55786667237  8.37577030097  8.17693372599  7.95930822554  7.72066132099  7.45856425767  7.17038516118  6.85329253251  6.50427629462  6.12019711662  5.69787921674  5.23426680894  4.72666835592  4.17311262176  3.57283045057  2.92684796062  2.23862228197  1.51457030407  0.76425833789  0.00000000000
 10.00000000000  9.91128894994  9.82166122497  9.73019010988  9.63592865368  9.53789915809  9.43508217965  9.32640485892  9.21072837011  9.08683425934  8.95340941263  8.80902936884  8.65213967707  8.48103500706  8.29383578253  8.08846226724  7.86260637095  7.61370208351  7.33889659023  7.03502606948  6.69860334723  6.32582951967  5.91264890352  5.45487647687  4.94843851052  4.38977699911  3.77646849176  3.10808210896  2.38722642379  1.62058964541  0.81957676564  0.00000000000
 10.00000000000  9.91862615510  9.83640615983  9.75248411212  9.66598441312  9.57600142619  9.48158851766  9.38174622678  9.27540926963  9.16143202508  9.03857207914  8.90547131671  8.76063394917  8.60240076021  8.42891875913  8.23810538797  8.02760651009  7.79474774449  7.53647953929  7.24931809711  6.92928752642  6.57187440285  6.17201570426  5.72415654542  5.22243657871  4.66109220367  4.03518766314  3.34178820448  2.58161366654  1.76098643818  0.89345975776  0.00000000000
 10.00000000000  9.92681013249  9.85285438454  9.77735760585  9.69952588461  9.61853659907  9.53352774963  9.44358626493  9.34773491188  9.24491735313  9.13398077878  9.01365538852  8.88252980707  8.73902127631  8.58133918194  8.40744015456  8.21497267610  8.00120892121  7.76296167615  7.49648501763  7.19735977731  6.86037007769  6.47938782619  6.04730187715  5.55606305923  4.99697108534  4.36140473583  3.64227180338  2.83645543990  1.94828392039  0.99327644910  0.00000000000
 10.00000000000  9.93576054920  9.87084475203  9.80456769592  9.73622709896  9.66509401681  9.59040277277  9.51133976981  9.42703076385  9.33652606532  9.23878298254  9.13264461130  9.01681379475  8.88982070401  8.74998199841  8.59534888947  8.42364063581  8.23215904872  8.01767857448  7.77630570041  7.50330144730  7.19286299261  6.83786801418  6.42960408178  5.95754629411  5.40932749853  4.77119107243  4.02944101186  3.17365402309  2.20241846642  1.13136267715  0.00000000000
 10.00000000000  9.94538780244  9.89019735376  9.83384277725  9.77572270914  9.71521194772  9.65165232259  9.58434243359  9.51252581998  9.43537699304  9.35198458641  9.26133062922  9.16226460003  9.05347043689  8.93342400734  8.80033760787  8.65208676772  8.48611285250  8.29929256295  8.08776230562  7.84668166871  7.56991654293  7.24962098742  6.87570365330  6.43519369277  5.91160431002  5.28459339478  4.53064905918  3.62630262460  2.55637422034  1.32975628324  0.00000000000
 10.00000000000  9.95559372321  9.91071491184  9.86488458231  9.81761063574  9.76838073980  9.71665448757  9.66185450295  9.60335607262  9.54047475521  9.47245123377  9.39843241442  9.31744739893  9.22837642067  9.12991005460  9.02049487755  8.89826008529  8.76091709902  8.60562050371  8.42877315010  8.22575007424  7.99050401592  7.71499899402  7.38839883439  6.99592319464  6.51730500529  5.92493113494  5.18226082860  4.24453442793  3.06702033562  1.63128865185  0.00000000000
 10.00000000000  9.96627251693  9.93218466135  9.89737100565  9.86145583068  9.82404751130  9.78473229558  9.74306719659  9.69857163645  9.65071736621  9.59891601740  9.54250339851  9.48071929698  9.41268103004  9.33734821886  9.25347510272  9.15954493715  9.05367826059  8.93350244056  8.79596285320  8.63704446501  8.45135329082  8.23147478315  7.96697191972  7.64279742467  7.23676329218  6.71556693421  6.02893001130  5.10255492413  3.83588471563  2.12837832690  0.00000000000
 10.00000000000  9.97731194002  9.95438072204  9.93095970832  9.90679517126  9.88162241127  9.85516143726  9.82711200517  9.79714775059  9.76490906349  9.72999422575  9.69194814469  9.65024774134  9.60428264154  9.55332919773  9.49651491299  9.43276883568  9.36075107527  9.27875060263  9.18453373800  9.07511392123  8.94639205386  8.79257693578  8.60521847685  8.37153294592  8.07138525498  7.67164453056  7.11533835950  6.30087130173  5.04558578695  3.04634019699  0.00000000000
 10.00000000000  9.98859469384  9.97706692214  9.96529244541  9.95314340803  9.94048635380  9.92718001230  9.91307274830  9.89799953462  9.88177826146  9.86420512625  9.84504874593  9.82404248311  9.80087424977  9.77517270506  9.74648822087  9.71426612234  9.67780828972  9.63621680941  9.58830917590  9.53248696081  9.46652551645  9.38722377927  9.28979334337  9.16673173923  9.00560122654  8.78428840209  8.45990826766  7.94000664741  6.99924727712  5.01139684683  0.00000000000
 10.00000000000 10.00000000000 10.00000000000 10.00000000000 10.00000000000 10.00000000000 10.00000000000 10.00000000000 10.00000000000 10.00000000000 10.00000000000 10.00000000000 10.00000000000 10.00000000000 10.00000000000 10.00000000000 10.00000000000 10.00000000000 10.00000000000 10.00000000000 10.00000000000 10.00000000000 10.00000000000 10.00000000000 10.00000000000 10.00000000000 10.00000000000 10.00000000000 10.00000000000 10.00000000000 10.00000000000  0.00000000000
