PROC : 0 of 8 is Printing 
|     1.00000     1.00000     1.00000     1.00000     1.00000     1.00000     1.00000     1.00000     1.00000 |
|     1.00000     1.00000     1.00000     1.00000     1.00000     1.00000     1.00000     1.00000     1.00000 |
|     1.00000     1.00000     1.00000     1.00000     1.00000     1.00000     1.00000     1.00000     1.00000 |
|     1.00000     1.00000     1.00000     1.00000     1.00000     1.00000     1.00000     1.00000     1.00000 |

|     1.00000     1.00000     1.00000     1.00000     1.00000     1.00000     1.00000     1.00000     1.00000 |
|     1.00000     1.00000     1.00000     1.00000     1.00000     1.00000     1.00000     1.00000     1.00000 |
|     1.00000     1.00000     1.00000     1.00000     1.00000     1.00000     1.00000     1.00000     1.00000 |
|     1.00000     1.00000     1.00000     1.00000     1.00000     1.00000     1.00000     1.00000     1.00000 |

|     1.00000     1.00000     1.00000     1.00000     1.00000     1.00000     1.00000     1.00000     1.00000 |
|     1.00000     1.00000     1.00000     1.00000     1.00000     1.00000     1.00000     1.00000     1.00000 |
|     1.00000     1.00000     1.00000     1.00000     1.00000     1.00000     1.00000     1.00000     1.00000 |
|     1.00000     1.00000     1.00000     1.00000     1.00000     1.00000     1.00000     1.00000     1.00000 |

|     1.00000     1.00000     1.00000     1.00000     1.00000     1.00000     1.00000     1.00000     1.00000 |
|     1.00000     1.00000     1.00000     1.00000     1.00000     1.00000     1.00000     1.00000     1.00000 |
|     1.00000     1.00000     1.00000     1.00000     1.00000     1.00000     1.00000     1.00000     1.00000 |
|     1.00000     1.00000     1.00000     1.00000     1.00000     1.00000     1.00000     1.00000     1.00000 |


|     1.00000     1.00000     1.00000     1.00000     1.00000     1.00000     1.00000     1.00000     1.00000 |
|     1.00000     1.00000     1.00000     1.00000     1.00000     1.00000     1.00000     1.00000     1.00000 |
|     1.00000     1.00000     1.00000     1.00000     1.00000     1.00000     1.00000     1.00000     1.00000 |
|     1.00000     1.00000     1.00000     1.00000     1.00000     1.00000     1.00000     1.00000     1.00000 |

|     1.00000     1.00000     1.00000     1.00000     1.00000     1.00000     1.00000     1.00000     1.00000 |
|     1.00000     1.00000     1.00000     1.00000     1.00000     1.00000     1.00000     1.00000     1.00000 |
|     1.00000     1.00000     1.00000     1.00000     1.00000     1.00000     1.00000     1.00000     1.00000 |
|     1.00000     1.00000     1.00000     1.00000     1.00000     1.00000     1.00000     1.00000     1.00000 |

|     1.00000     1.00000     1.00000     1.00000     1.00000     1.00000     1.00000     1.00000     1.00000 |
|     1.00000     1.00000     1.00000     1.00000     1.00000     1.00000     1.00000     1.00000     1.00000 |
|     1.00000     1.00000     1.00000     1.00000     1.00000     1.00000     1.00000     1.00000     1.00000 |
|     1.00000     1.00000     1.00000     1.00000     1.00000     1.00000     1.00000     1.00000     1.00000 |

|     1.00000     1.00000     1.00000     1.00000     1.00000     1.00000     1.00000     1.00000     1.00000 |
|     1.00000     1.00000     1.00000     1.00000     1.00000     1.00000     1.00000     1.00000     1.00000 |
|     1.00000     1.00000     1.00000     1.00000     1.00000     1.00000     1.00000     1.00000     1.00000 |
|     1.00000     1.00000     1.00000     1.00000     1.00000     1.00000     1.00000     1.00000     1.00000 |


|     1.00000     1.00000     1.00000     1.00000     1.00000     1.00000     1.00000     1.00000     1.00000 |
|     1.00000     1.00000     1.00000     1.00000     1.00000     1.00000     1.00000     1.00000     1.00000 |
|     1.00000     1.00000     1.00000     1.00000     1.00000     1.00000     1.00000     1.00000     1.00000 |
|     1.00000     1.00000     1.00000     1.00000     1.00000     1.00000     1.00000     1.00000     1.00000 |

|     1.00000     1.00000     1.00000     1.00000     1.00000     1.00000     1.00000     1.00000     1.00000 |
|     1.00000     1.00000     1.00000     1.00000     1.00000     1.00000     1.00000     1.00000     1.00000 |
|     1.00000     1.00000     1.00000     1.00000     1.00000     1.00000     1.00000     1.00000     1.00000 |
|     1.00000     1.00000     1.00000     1.00000     1.00000     1.00000     1.00000     1.00000     1.00000 |

|     1.00000     1.00000     1.00000     1.00000     1.00000     1.00000     1.00000     1.00000     1.00000 |
|     1.00000     1.00000     1.00000     1.00000     1.00000     1.00000     1.00000     1.00000     1.00000 |
|     1.00000     1.00000     1.00000     1.00000     1.00000     1.00000     1.00000     1.00000     1.00000 |
|     1.00000     1.00000     1.00000     1.00000     1.00000     1.00000     1.00000     1.00000     1.00000 |

|     1.00000     1.00000     1.00000     1.00000     1.00000     1.00000     1.00000     1.00000     1.00000 |
|     1.00000     1.00000     1.00000     1.00000     1.00000     1.00000     1.00000     1.00000     1.00000 |
|     1.00000     1.00000     1.00000     1.00000     1.00000     1.00000     1.00000     1.00000     1.00000 |
|     1.00000     1.00000     1.00000     1.00000     1.00000     1.00000     1.00000     1.00000     1.00000 |


|     1.00000     1.00000     1.00000     1.00000     1.00000     1.00000     1.00000     1.00000     1.00000 |
|     1.00000     1.00000     1.00000     1.00000     1.00000     1.00000     1.00000     1.00000     1.00000 |
|     1.00000     1.00000     1.00000     1.00000     1.00000     1.00000     1.00000     1.00000     1.00000 |
|     1.00000     1.00000     1.00000     1.00000     1.00000     1.00000     1.00000     1.00000     1.00000 |

|     1.00000     1.00000     1.00000     1.00000     1.00000     1.00000     1.00000     1.00000     1.00000 |
|     1.00000     1.00000     1.00000     1.00000     1.00000     1.00000     1.00000     1.00000     1.00000 |
|     1.00000     1.00000     1.00000     1.00000     1.00000     1.00000     1.00000     1.00000     1.00000 |
|     1.00000     1.00000     1.00000     1.00000     1.00000     1.00000     1.00000     1.00000     1.00000 |

|     1.00000     1.00000     1.00000     1.00000     1.00000     1.00000     1.00000     1.00000     1.00000 |
|     1.00000     1.00000     1.00000     1.00000     1.00000     1.00000     1.00000     1.00000     1.00000 |
|     1.00000     1.00000     1.00000     1.00000     1.00000     1.00000     1.00000     1.00000     1.00000 |
|     1.00000     1.00000     1.00000     1.00000     1.00000     1.00000     1.00000     1.00000     1.00000 |

|     1.00000     1.00000     1.00000     1.00000     1.00000     1.00000     1.00000     1.00000     1.00000 |
|     1.00000     1.00000     1.00000     1.00000     1.00000     1.00000     1.00000     1.00000     1.00000 |
|     1.00000     1.00000     1.00000     1.00000     1.00000     1.00000     1.00000     1.00000     1.00000 |
|     1.00000     1.00000     1.00000     1.00000     1.00000     1.00000     1.00000     1.00000     1.00000 |




PROC : 1 of 8 is Printing 
|     2.00000     2.00000     2.00000     2.00000     2.00000     2.00000     2.00000     2.00000     2.00000 |
|     2.00000     2.00000     2.00000     2.00000     2.00000     2.00000     2.00000     2.00000     2.00000 |
|     2.00000     2.00000     2.00000     2.00000     2.00000     2.00000     2.00000     2.00000     2.00000 |

|     2.00000     2.00000     2.00000     2.00000     2.00000     2.00000     2.00000     2.00000     2.00000 |
|     2.00000     2.00000     2.00000     2.00000     2.00000     2.00000     2.00000     2.00000     2.00000 |
|     2.00000     2.00000     2.00000     2.00000     2.00000     2.00000     2.00000     2.00000     2.00000 |

|     2.00000     2.00000     2.00000     2.00000     2.00000     2.00000     2.00000     2.00000     2.00000 |
|     2.00000     2.00000     2.00000     2.00000     2.00000     2.00000     2.00000     2.00000     2.00000 |
|     2.00000     2.00000     2.00000     2.00000     2.00000     2.00000     2.00000     2.00000     2.00000 |

|     2.00000     2.00000     2.00000     2.00000     2.00000     2.00000     2.00000     2.00000     2.00000 |
|     2.00000     2.00000     2.00000     2.00000     2.00000     2.00000     2.00000     2.00000     2.00000 |
|     2.00000     2.00000     2.00000     2.00000     2.00000     2.00000     2.00000     2.00000     2.00000 |


|     2.00000     2.00000     2.00000     2.00000     2.00000     2.00000     2.00000     2.00000     2.00000 |
|     2.00000     2.00000     2.00000     2.00000     2.00000     2.00000     2.00000     2.00000     2.00000 |
|     2.00000     2.00000     2.00000     2.00000     2.00000     2.00000     2.00000     2.00000     2.00000 |

|     2.00000     2.00000     2.00000     2.00000     2.00000     2.00000     2.00000     2.00000     2.00000 |
|     2.00000     2.00000     2.00000     2.00000     2.00000     2.00000     2.00000     2.00000     2.00000 |
|     2.00000     2.00000     2.00000     2.00000     2.00000     2.00000     2.00000     2.00000     2.00000 |

|     2.00000     2.00000     2.00000     2.00000     2.00000     2.00000     2.00000     2.00000     2.00000 |
|     2.00000     2.00000     2.00000     2.00000     2.00000     2.00000     2.00000     2.00000     2.00000 |
|     2.00000     2.00000     2.00000     2.00000     2.00000     2.00000     2.00000     2.00000     2.00000 |

|     2.00000     2.00000     2.00000     2.00000     2.00000     2.00000     2.00000     2.00000     2.00000 |
|     2.00000     2.00000     2.00000     2.00000     2.00000     2.00000     2.00000     2.00000     2.00000 |
|     2.00000     2.00000     2.00000     2.00000     2.00000     2.00000     2.00000     2.00000     2.00000 |


|     2.00000     2.00000     2.00000     2.00000     2.00000     2.00000     2.00000     2.00000     2.00000 |
|     2.00000     2.00000     2.00000     2.00000     2.00000     2.00000     2.00000     2.00000     2.00000 |
|     2.00000     2.00000     2.00000     2.00000     2.00000     2.00000     2.00000     2.00000     2.00000 |

|     2.00000     2.00000     2.00000     2.00000     2.00000     2.00000     2.00000     2.00000     2.00000 |
|     2.00000     2.00000     2.00000     2.00000     2.00000     2.00000     2.00000     2.00000     2.00000 |
|     2.00000     2.00000     2.00000     2.00000     2.00000     2.00000     2.00000     2.00000     2.00000 |

|     2.00000     2.00000     2.00000     2.00000     2.00000     2.00000     2.00000     2.00000     2.00000 |
|     2.00000     2.00000     2.00000     2.00000     2.00000     2.00000     2.00000     2.00000     2.00000 |
|     2.00000     2.00000     2.00000     2.00000     2.00000     2.00000     2.00000     2.00000     2.00000 |

|     2.00000     2.00000     2.00000     2.00000     2.00000     2.00000     2.00000     2.00000     2.00000 |
|     2.00000     2.00000     2.00000     2.00000     2.00000     2.00000     2.00000     2.00000     2.00000 |
|     2.00000     2.00000     2.00000     2.00000     2.00000     2.00000     2.00000     2.00000     2.00000 |


|     2.00000     2.00000     2.00000     2.00000     2.00000     2.00000     2.00000     2.00000     2.00000 |
|     2.00000     2.00000     2.00000     2.00000     2.00000     2.00000     2.00000     2.00000     2.00000 |
|     2.00000     2.00000     2.00000     2.00000     2.00000     2.00000     2.00000     2.00000     2.00000 |

|     2.00000     2.00000     2.00000     2.00000     2.00000     2.00000     2.00000     2.00000     2.00000 |
|     2.00000     2.00000     2.00000     2.00000     2.00000     2.00000     2.00000     2.00000     2.00000 |
|     2.00000     2.00000     2.00000     2.00000     2.00000     2.00000     2.00000     2.00000     2.00000 |

|     2.00000     2.00000     2.00000     2.00000     2.00000     2.00000     2.00000     2.00000     2.00000 |
|     2.00000     2.00000     2.00000     2.00000     2.00000     2.00000     2.00000     2.00000     2.00000 |
|     2.00000     2.00000     2.00000     2.00000     2.00000     2.00000     2.00000     2.00000     2.00000 |

|     2.00000     2.00000     2.00000     2.00000     2.00000     2.00000     2.00000     2.00000     2.00000 |
|     2.00000     2.00000     2.00000     2.00000     2.00000     2.00000     2.00000     2.00000     2.00000 |
|     2.00000     2.00000     2.00000     2.00000     2.00000     2.00000     2.00000     2.00000     2.00000 |




PROC : 2 of 8 is Printing 
|     3.00000     3.00000     3.00000     3.00000     3.00000     3.00000     3.00000     3.00000     3.00000 |
|     3.00000     3.00000     3.00000     3.00000     3.00000     3.00000     3.00000     3.00000     3.00000 |
|     3.00000     3.00000     3.00000     3.00000     3.00000     3.00000     3.00000     3.00000     3.00000 |
|     3.00000     3.00000     3.00000     3.00000     3.00000     3.00000     3.00000     3.00000     3.00000 |

|     3.00000     3.00000     3.00000     3.00000     3.00000     3.00000     3.00000     3.00000     3.00000 |
|     3.00000     3.00000     3.00000     3.00000     3.00000     3.00000     3.00000     3.00000     3.00000 |
|     3.00000     3.00000     3.00000     3.00000     3.00000     3.00000     3.00000     3.00000     3.00000 |
|     3.00000     3.00000     3.00000     3.00000     3.00000     3.00000     3.00000     3.00000     3.00000 |

|     3.00000     3.00000     3.00000     3.00000     3.00000     3.00000     3.00000     3.00000     3.00000 |
|     3.00000     3.00000     3.00000     3.00000     3.00000     3.00000     3.00000     3.00000     3.00000 |
|     3.00000     3.00000     3.00000     3.00000     3.00000     3.00000     3.00000     3.00000     3.00000 |
|     3.00000     3.00000     3.00000     3.00000     3.00000     3.00000     3.00000     3.00000     3.00000 |


|     3.00000     3.00000     3.00000     3.00000     3.00000     3.00000     3.00000     3.00000     3.00000 |
|     3.00000     3.00000     3.00000     3.00000     3.00000     3.00000     3.00000     3.00000     3.00000 |
|     3.00000     3.00000     3.00000     3.00000     3.00000     3.00000     3.00000     3.00000     3.00000 |
|     3.00000     3.00000     3.00000     3.00000     3.00000     3.00000     3.00000     3.00000     3.00000 |

|     3.00000     3.00000     3.00000     3.00000     3.00000     3.00000     3.00000     3.00000     3.00000 |
|     3.00000     3.00000     3.00000     3.00000     3.00000     3.00000     3.00000     3.00000     3.00000 |
|     3.00000     3.00000     3.00000     3.00000     3.00000     3.00000     3.00000     3.00000     3.00000 |
|     3.00000     3.00000     3.00000     3.00000     3.00000     3.00000     3.00000     3.00000     3.00000 |

|     3.00000     3.00000     3.00000     3.00000     3.00000     3.00000     3.00000     3.00000     3.00000 |
|     3.00000     3.00000     3.00000     3.00000     3.00000     3.00000     3.00000     3.00000     3.00000 |
|     3.00000     3.00000     3.00000     3.00000     3.00000     3.00000     3.00000     3.00000     3.00000 |
|     3.00000     3.00000     3.00000     3.00000     3.00000     3.00000     3.00000     3.00000     3.00000 |


|     3.00000     3.00000     3.00000     3.00000     3.00000     3.00000     3.00000     3.00000     3.00000 |
|     3.00000     3.00000     3.00000     3.00000     3.00000     3.00000     3.00000     3.00000     3.00000 |
|     3.00000     3.00000     3.00000     3.00000     3.00000     3.00000     3.00000     3.00000     3.00000 |
|     3.00000     3.00000     3.00000     3.00000     3.00000     3.00000     3.00000     3.00000     3.00000 |

|     3.00000     3.00000     3.00000     3.00000     3.00000     3.00000     3.00000     3.00000     3.00000 |
|     3.00000     3.00000     3.00000     3.00000     3.00000     3.00000     3.00000     3.00000     3.00000 |
|     3.00000     3.00000     3.00000     3.00000     3.00000     3.00000     3.00000     3.00000     3.00000 |
|     3.00000     3.00000     3.00000     3.00000     3.00000     3.00000     3.00000     3.00000     3.00000 |

|     3.00000     3.00000     3.00000     3.00000     3.00000     3.00000     3.00000     3.00000     3.00000 |
|     3.00000     3.00000     3.00000     3.00000     3.00000     3.00000     3.00000     3.00000     3.00000 |
|     3.00000     3.00000     3.00000     3.00000     3.00000     3.00000     3.00000     3.00000     3.00000 |
|     3.00000     3.00000     3.00000     3.00000     3.00000     3.00000     3.00000     3.00000     3.00000 |


|     3.00000     3.00000     3.00000     3.00000     3.00000     3.00000     3.00000     3.00000     3.00000 |
|     3.00000     3.00000     3.00000     3.00000     3.00000     3.00000     3.00000     3.00000     3.00000 |
|     3.00000     3.00000     3.00000     3.00000     3.00000     3.00000     3.00000     3.00000     3.00000 |
|     3.00000     3.00000     3.00000     3.00000     3.00000     3.00000     3.00000     3.00000     3.00000 |

|     3.00000     3.00000     3.00000     3.00000     3.00000     3.00000     3.00000     3.00000     3.00000 |
|     3.00000     3.00000     3.00000     3.00000     3.00000     3.00000     3.00000     3.00000     3.00000 |
|     3.00000     3.00000     3.00000     3.00000     3.00000     3.00000     3.00000     3.00000     3.00000 |
|     3.00000     3.00000     3.00000     3.00000     3.00000     3.00000     3.00000     3.00000     3.00000 |

|     3.00000     3.00000     3.00000     3.00000     3.00000     3.00000     3.00000     3.00000     3.00000 |
|     3.00000     3.00000     3.00000     3.00000     3.00000     3.00000     3.00000     3.00000     3.00000 |
|     3.00000     3.00000     3.00000     3.00000     3.00000     3.00000     3.00000     3.00000     3.00000 |
|     3.00000     3.00000     3.00000     3.00000     3.00000     3.00000     3.00000     3.00000     3.00000 |




PROC : 3 of 8 is Printing 
|     4.00000     4.00000     4.00000     4.00000     4.00000     4.00000     4.00000     4.00000     4.00000 |
|     4.00000     4.00000     4.00000     4.00000     4.00000     4.00000     4.00000     4.00000     4.00000 |
|     4.00000     4.00000     4.00000     4.00000     4.00000     4.00000     4.00000     4.00000     4.00000 |

|     4.00000     4.00000     4.00000     4.00000     4.00000     4.00000     4.00000     4.00000     4.00000 |
|     4.00000     4.00000     4.00000     4.00000     4.00000     4.00000     4.00000     4.00000     4.00000 |
|     4.00000     4.00000     4.00000     4.00000     4.00000     4.00000     4.00000     4.00000     4.00000 |

|     4.00000     4.00000     4.00000     4.00000     4.00000     4.00000     4.00000     4.00000     4.00000 |
|     4.00000     4.00000     4.00000     4.00000     4.00000     4.00000     4.00000     4.00000     4.00000 |
|     4.00000     4.00000     4.00000     4.00000     4.00000     4.00000     4.00000     4.00000     4.00000 |


|     4.00000     4.00000     4.00000     4.00000     4.00000     4.00000     4.00000     4.00000     4.00000 |
|     4.00000     4.00000     4.00000     4.00000     4.00000     4.00000     4.00000     4.00000     4.00000 |
|     4.00000     4.00000     4.00000     4.00000     4.00000     4.00000     4.00000     4.00000     4.00000 |

|     4.00000     4.00000     4.00000     4.00000     4.00000     4.00000     4.00000     4.00000     4.00000 |
|     4.00000     4.00000     4.00000     4.00000     4.00000     4.00000     4.00000     4.00000     4.00000 |
|     4.00000     4.00000     4.00000     4.00000     4.00000     4.00000     4.00000     4.00000     4.00000 |

|     4.00000     4.00000     4.00000     4.00000     4.00000     4.00000     4.00000     4.00000     4.00000 |
|     4.00000     4.00000     4.00000     4.00000     4.00000     4.00000     4.00000     4.00000     4.00000 |
|     4.00000     4.00000     4.00000     4.00000     4.00000     4.00000     4.00000     4.00000     4.00000 |


|     4.00000     4.00000     4.00000     4.00000     4.00000     4.00000     4.00000     4.00000     4.00000 |
|     4.00000     4.00000     4.00000     4.00000     4.00000     4.00000     4.00000     4.00000     4.00000 |
|     4.00000     4.00000     4.00000     4.00000     4.00000     4.00000     4.00000     4.00000     4.00000 |

|     4.00000     4.00000     4.00000     4.00000     4.00000     4.00000     4.00000     4.00000     4.00000 |
|     4.00000     4.00000     4.00000     4.00000     4.00000     4.00000     4.00000     4.00000     4.00000 |
|     4.00000     4.00000     4.00000     4.00000     4.00000     4.00000     4.00000     4.00000     4.00000 |

|     4.00000     4.00000     4.00000     4.00000     4.00000     4.00000     4.00000     4.00000     4.00000 |
|     4.00000     4.00000     4.00000     4.00000     4.00000     4.00000     4.00000     4.00000     4.00000 |
|     4.00000     4.00000     4.00000     4.00000     4.00000     4.00000     4.00000     4.00000     4.00000 |


|     4.00000     4.00000     4.00000     4.00000     4.00000     4.00000     4.00000     4.00000     4.00000 |
|     4.00000     4.00000     4.00000     4.00000     4.00000     4.00000     4.00000     4.00000     4.00000 |
|     4.00000     4.00000     4.00000     4.00000     4.00000     4.00000     4.00000     4.00000     4.00000 |

|     4.00000     4.00000     4.00000     4.00000     4.00000     4.00000     4.00000     4.00000     4.00000 |
|     4.00000     4.00000     4.00000     4.00000     4.00000     4.00000     4.00000     4.00000     4.00000 |
|     4.00000     4.00000     4.00000     4.00000     4.00000     4.00000     4.00000     4.00000     4.00000 |

|     4.00000     4.00000     4.00000     4.00000     4.00000     4.00000     4.00000     4.00000     4.00000 |
|     4.00000     4.00000     4.00000     4.00000     4.00000     4.00000     4.00000     4.00000     4.00000 |
|     4.00000     4.00000     4.00000     4.00000     4.00000     4.00000     4.00000     4.00000     4.00000 |




PROC : 4 of 8 is Printing 
|     5.00000     5.00000     5.00000     5.00000     5.00000     5.00000     5.00000     5.00000     5.00000 |
|     5.00000     5.00000     5.00000     5.00000     5.00000     5.00000     5.00000     5.00000     5.00000 |
|     5.00000     5.00000     5.00000     5.00000     5.00000     5.00000     5.00000     5.00000     5.00000 |
|     5.00000     5.00000     5.00000     5.00000     5.00000     5.00000     5.00000     5.00000     5.00000 |

|     5.00000     5.00000     5.00000     5.00000     5.00000     5.00000     5.00000     5.00000     5.00000 |
|     5.00000     5.00000     5.00000     5.00000     5.00000     5.00000     5.00000     5.00000     5.00000 |
|     5.00000     5.00000     5.00000     5.00000     5.00000     5.00000     5.00000     5.00000     5.00000 |
|     5.00000     5.00000     5.00000     5.00000     5.00000     5.00000     5.00000     5.00000     5.00000 |

|     5.00000     5.00000     5.00000     5.00000     5.00000     5.00000     5.00000     5.00000     5.00000 |
|     5.00000     5.00000     5.00000     5.00000     5.00000     5.00000     5.00000     5.00000     5.00000 |
|     5.00000     5.00000     5.00000     5.00000     5.00000     5.00000     5.00000     5.00000     5.00000 |
|     5.00000     5.00000     5.00000     5.00000     5.00000     5.00000     5.00000     5.00000     5.00000 |

|     5.00000     5.00000     5.00000     5.00000     5.00000     5.00000     5.00000     5.00000     5.00000 |
|     5.00000     5.00000     5.00000     5.00000     5.00000     5.00000     5.00000     5.00000     5.00000 |
|     5.00000     5.00000     5.00000     5.00000     5.00000     5.00000     5.00000     5.00000     5.00000 |
|     5.00000     5.00000     5.00000     5.00000     5.00000     5.00000     5.00000     5.00000     5.00000 |


|     5.00000     5.00000     5.00000     5.00000     5.00000     5.00000     5.00000     5.00000     5.00000 |
|     5.00000     5.00000     5.00000     5.00000     5.00000     5.00000     5.00000     5.00000     5.00000 |
|     5.00000     5.00000     5.00000     5.00000     5.00000     5.00000     5.00000     5.00000     5.00000 |
|     5.00000     5.00000     5.00000     5.00000     5.00000     5.00000     5.00000     5.00000     5.00000 |

|     5.00000     5.00000     5.00000     5.00000     5.00000     5.00000     5.00000     5.00000     5.00000 |
|     5.00000     5.00000     5.00000     5.00000     5.00000     5.00000     5.00000     5.00000     5.00000 |
|     5.00000     5.00000     5.00000     5.00000     5.00000     5.00000     5.00000     5.00000     5.00000 |
|     5.00000     5.00000     5.00000     5.00000     5.00000     5.00000     5.00000     5.00000     5.00000 |

|     5.00000     5.00000     5.00000     5.00000     5.00000     5.00000     5.00000     5.00000     5.00000 |
|     5.00000     5.00000     5.00000     5.00000     5.00000     5.00000     5.00000     5.00000     5.00000 |
|     5.00000     5.00000     5.00000     5.00000     5.00000     5.00000     5.00000     5.00000     5.00000 |
|     5.00000     5.00000     5.00000     5.00000     5.00000     5.00000     5.00000     5.00000     5.00000 |

|     5.00000     5.00000     5.00000     5.00000     5.00000     5.00000     5.00000     5.00000     5.00000 |
|     5.00000     5.00000     5.00000     5.00000     5.00000     5.00000     5.00000     5.00000     5.00000 |
|     5.00000     5.00000     5.00000     5.00000     5.00000     5.00000     5.00000     5.00000     5.00000 |
|     5.00000     5.00000     5.00000     5.00000     5.00000     5.00000     5.00000     5.00000     5.00000 |


|     5.00000     5.00000     5.00000     5.00000     5.00000     5.00000     5.00000     5.00000     5.00000 |
|     5.00000     5.00000     5.00000     5.00000     5.00000     5.00000     5.00000     5.00000     5.00000 |
|     5.00000     5.00000     5.00000     5.00000     5.00000     5.00000     5.00000     5.00000     5.00000 |
|     5.00000     5.00000     5.00000     5.00000     5.00000     5.00000     5.00000     5.00000     5.00000 |

|     5.00000     5.00000     5.00000     5.00000     5.00000     5.00000     5.00000     5.00000     5.00000 |
|     5.00000     5.00000     5.00000     5.00000     5.00000     5.00000     5.00000     5.00000     5.00000 |
|     5.00000     5.00000     5.00000     5.00000     5.00000     5.00000     5.00000     5.00000     5.00000 |
|     5.00000     5.00000     5.00000     5.00000     5.00000     5.00000     5.00000     5.00000     5.00000 |

|     5.00000     5.00000     5.00000     5.00000     5.00000     5.00000     5.00000     5.00000     5.00000 |
|     5.00000     5.00000     5.00000     5.00000     5.00000     5.00000     5.00000     5.00000     5.00000 |
|     5.00000     5.00000     5.00000     5.00000     5.00000     5.00000     5.00000     5.00000     5.00000 |
|     5.00000     5.00000     5.00000     5.00000     5.00000     5.00000     5.00000     5.00000     5.00000 |

|     5.00000     5.00000     5.00000     5.00000     5.00000     5.00000     5.00000     5.00000     5.00000 |
|     5.00000     5.00000     5.00000     5.00000     5.00000     5.00000     5.00000     5.00000     5.00000 |
|     5.00000     5.00000     5.00000     5.00000     5.00000     5.00000     5.00000     5.00000     5.00000 |
|     5.00000     5.00000     5.00000     5.00000     5.00000     5.00000     5.00000     5.00000     5.00000 |




PROC : 5 of 8 is Printing 
|     6.00000     6.00000     6.00000     6.00000     6.00000     6.00000     6.00000     6.00000     6.00000 |
|     6.00000     6.00000     6.00000     6.00000     6.00000     6.00000     6.00000     6.00000     6.00000 |
|     6.00000     6.00000     6.00000     6.00000     6.00000     6.00000     6.00000     6.00000     6.00000 |

|     6.00000     6.00000     6.00000     6.00000     6.00000     6.00000     6.00000     6.00000     6.00000 |
|     6.00000     6.00000     6.00000     6.00000     6.00000     6.00000     6.00000     6.00000     6.00000 |
|     6.00000     6.00000     6.00000     6.00000     6.00000     6.00000     6.00000     6.00000     6.00000 |

|     6.00000     6.00000     6.00000     6.00000     6.00000     6.00000     6.00000     6.00000     6.00000 |
|     6.00000     6.00000     6.00000     6.00000     6.00000     6.00000     6.00000     6.00000     6.00000 |
|     6.00000     6.00000     6.00000     6.00000     6.00000     6.00000     6.00000     6.00000     6.00000 |

|     6.00000     6.00000     6.00000     6.00000     6.00000     6.00000     6.00000     6.00000     6.00000 |
|     6.00000     6.00000     6.00000     6.00000     6.00000     6.00000     6.00000     6.00000     6.00000 |
|     6.00000     6.00000     6.00000     6.00000     6.00000     6.00000     6.00000     6.00000     6.00000 |


|     6.00000     6.00000     6.00000     6.00000     6.00000     6.00000     6.00000     6.00000     6.00000 |
|     6.00000     6.00000     6.00000     6.00000     6.00000     6.00000     6.00000     6.00000     6.00000 |
|     6.00000     6.00000     6.00000     6.00000     6.00000     6.00000     6.00000     6.00000     6.00000 |

|     6.00000     6.00000     6.00000     6.00000     6.00000     6.00000     6.00000     6.00000     6.00000 |
|     6.00000     6.00000     6.00000     6.00000     6.00000     6.00000     6.00000     6.00000     6.00000 |
|     6.00000     6.00000     6.00000     6.00000     6.00000     6.00000     6.00000     6.00000     6.00000 |

|     6.00000     6.00000     6.00000     6.00000     6.00000     6.00000     6.00000     6.00000     6.00000 |
|     6.00000     6.00000     6.00000     6.00000     6.00000     6.00000     6.00000     6.00000     6.00000 |
|     6.00000     6.00000     6.00000     6.00000     6.00000     6.00000     6.00000     6.00000     6.00000 |

|     6.00000     6.00000     6.00000     6.00000     6.00000     6.00000     6.00000     6.00000     6.00000 |
|     6.00000     6.00000     6.00000     6.00000     6.00000     6.00000     6.00000     6.00000     6.00000 |
|     6.00000     6.00000     6.00000     6.00000     6.00000     6.00000     6.00000     6.00000     6.00000 |


|     6.00000     6.00000     6.00000     6.00000     6.00000     6.00000     6.00000     6.00000     6.00000 |
|     6.00000     6.00000     6.00000     6.00000     6.00000     6.00000     6.00000     6.00000     6.00000 |
|     6.00000     6.00000     6.00000     6.00000     6.00000     6.00000     6.00000     6.00000     6.00000 |

|     6.00000     6.00000     6.00000     6.00000     6.00000     6.00000     6.00000     6.00000     6.00000 |
|     6.00000     6.00000     6.00000     6.00000     6.00000     6.00000     6.00000     6.00000     6.00000 |
|     6.00000     6.00000     6.00000     6.00000     6.00000     6.00000     6.00000     6.00000     6.00000 |

|     6.00000     6.00000     6.00000     6.00000     6.00000     6.00000     6.00000     6.00000     6.00000 |
|     6.00000     6.00000     6.00000     6.00000     6.00000     6.00000     6.00000     6.00000     6.00000 |
|     6.00000     6.00000     6.00000     6.00000     6.00000     6.00000     6.00000     6.00000     6.00000 |

|     6.00000     6.00000     6.00000     6.00000     6.00000     6.00000     6.00000     6.00000     6.00000 |
|     6.00000     6.00000     6.00000     6.00000     6.00000     6.00000     6.00000     6.00000     6.00000 |
|     6.00000     6.00000     6.00000     6.00000     6.00000     6.00000     6.00000     6.00000     6.00000 |




PROC : 6 of 8 is Printing 
|     7.00000     7.00000     7.00000     7.00000     7.00000     7.00000     7.00000     7.00000     7.00000 |
|     7.00000     7.00000     7.00000     7.00000     7.00000     7.00000     7.00000     7.00000     7.00000 |
|     7.00000     7.00000     7.00000     7.00000     7.00000     7.00000     7.00000     7.00000     7.00000 |
|     7.00000     7.00000     7.00000     7.00000     7.00000     7.00000     7.00000     7.00000     7.00000 |

|     7.00000     7.00000     7.00000     7.00000     7.00000     7.00000     7.00000     7.00000     7.00000 |
|     7.00000     7.00000     7.00000     7.00000     7.00000     7.00000     7.00000     7.00000     7.00000 |
|     7.00000     7.00000     7.00000     7.00000     7.00000     7.00000     7.00000     7.00000     7.00000 |
|     7.00000     7.00000     7.00000     7.00000     7.00000     7.00000     7.00000     7.00000     7.00000 |

|     7.00000     7.00000     7.00000     7.00000     7.00000     7.00000     7.00000     7.00000     7.00000 |
|     7.00000     7.00000     7.00000     7.00000     7.00000     7.00000     7.00000     7.00000     7.00000 |
|     7.00000     7.00000     7.00000     7.00000     7.00000     7.00000     7.00000     7.00000     7.00000 |
|     7.00000     7.00000     7.00000     7.00000     7.00000     7.00000     7.00000     7.00000     7.00000 |


|     7.00000     7.00000     7.00000     7.00000     7.00000     7.00000     7.00000     7.00000     7.00000 |
|     7.00000     7.00000     7.00000     7.00000     7.00000     7.00000     7.00000     7.00000     7.00000 |
|     7.00000     7.00000     7.00000     7.00000     7.00000     7.00000     7.00000     7.00000     7.00000 |
|     7.00000     7.00000     7.00000     7.00000     7.00000     7.00000     7.00000     7.00000     7.00000 |

|     7.00000     7.00000     7.00000     7.00000     7.00000     7.00000     7.00000     7.00000     7.00000 |
|     7.00000     7.00000     7.00000     7.00000     7.00000     7.00000     7.00000     7.00000     7.00000 |
|     7.00000     7.00000     7.00000     7.00000     7.00000     7.00000     7.00000     7.00000     7.00000 |
|     7.00000     7.00000     7.00000     7.00000     7.00000     7.00000     7.00000     7.00000     7.00000 |

|     7.00000     7.00000     7.00000     7.00000     7.00000     7.00000     7.00000     7.00000     7.00000 |
|     7.00000     7.00000     7.00000     7.00000     7.00000     7.00000     7.00000     7.00000     7.00000 |
|     7.00000     7.00000     7.00000     7.00000     7.00000     7.00000     7.00000     7.00000     7.00000 |
|     7.00000     7.00000     7.00000     7.00000     7.00000     7.00000     7.00000     7.00000     7.00000 |


|     7.00000     7.00000     7.00000     7.00000     7.00000     7.00000     7.00000     7.00000     7.00000 |
|     7.00000     7.00000     7.00000     7.00000     7.00000     7.00000     7.00000     7.00000     7.00000 |
|     7.00000     7.00000     7.00000     7.00000     7.00000     7.00000     7.00000     7.00000     7.00000 |
|     7.00000     7.00000     7.00000     7.00000     7.00000     7.00000     7.00000     7.00000     7.00000 |

|     7.00000     7.00000     7.00000     7.00000     7.00000     7.00000     7.00000     7.00000     7.00000 |
|     7.00000     7.00000     7.00000     7.00000     7.00000     7.00000     7.00000     7.00000     7.00000 |
|     7.00000     7.00000     7.00000     7.00000     7.00000     7.00000     7.00000     7.00000     7.00000 |
|     7.00000     7.00000     7.00000     7.00000     7.00000     7.00000     7.00000     7.00000     7.00000 |

|     7.00000     7.00000     7.00000     7.00000     7.00000     7.00000     7.00000     7.00000     7.00000 |
|     7.00000     7.00000     7.00000     7.00000     7.00000     7.00000     7.00000     7.00000     7.00000 |
|     7.00000     7.00000     7.00000     7.00000     7.00000     7.00000     7.00000     7.00000     7.00000 |
|     7.00000     7.00000     7.00000     7.00000     7.00000     7.00000     7.00000     7.00000     7.00000 |




PROC : 7 of 8 is Printing 
|     8.00000     8.00000     8.00000     8.00000     8.00000     8.00000     8.00000     8.00000     8.00000 |
|     8.00000     8.00000     8.00000     8.00000     8.00000     8.00000     8.00000     8.00000     8.00000 |
|     8.00000     8.00000     8.00000     8.00000     8.00000     8.00000     8.00000     8.00000     8.00000 |

|     8.00000     8.00000     8.00000     8.00000     8.00000     8.00000     8.00000     8.00000     8.00000 |
|     8.00000     8.00000     8.00000     8.00000     8.00000     8.00000     8.00000     8.00000     8.00000 |
|     8.00000     8.00000     8.00000     8.00000     8.00000     8.00000     8.00000     8.00000     8.00000 |

|     8.00000     8.00000     8.00000     8.00000     8.00000     8.00000     8.00000     8.00000     8.00000 |
|     8.00000     8.00000     8.00000     8.00000     8.00000     8.00000     8.00000     8.00000     8.00000 |
|     8.00000     8.00000     8.00000     8.00000     8.00000     8.00000     8.00000     8.00000     8.00000 |


|     8.00000     8.00000     8.00000     8.00000     8.00000     8.00000     8.00000     8.00000     8.00000 |
|     8.00000     8.00000     8.00000     8.00000     8.00000     8.00000     8.00000     8.00000     8.00000 |
|     8.00000     8.00000     8.00000     8.00000     8.00000     8.00000     8.00000     8.00000     8.00000 |

|     8.00000     8.00000     8.00000     8.00000     8.00000     8.00000     8.00000     8.00000     8.00000 |
|     8.00000     8.00000     8.00000     8.00000     8.00000     8.00000     8.00000     8.00000     8.00000 |
|     8.00000     8.00000     8.00000     8.00000     8.00000     8.00000     8.00000     8.00000     8.00000 |

|     8.00000     8.00000     8.00000     8.00000     8.00000     8.00000     8.00000     8.00000     8.00000 |
|     8.00000     8.00000     8.00000     8.00000     8.00000     8.00000     8.00000     8.00000     8.00000 |
|     8.00000     8.00000     8.00000     8.00000     8.00000     8.00000     8.00000     8.00000     8.00000 |


|     8.00000     8.00000     8.00000     8.00000     8.00000     8.00000     8.00000     8.00000     8.00000 |
|     8.00000     8.00000     8.00000     8.00000     8.00000     8.00000     8.00000     8.00000     8.00000 |
|     8.00000     8.00000     8.00000     8.00000     8.00000     8.00000     8.00000     8.00000     8.00000 |

|     8.00000     8.00000     8.00000     8.00000     8.00000     8.00000     8.00000     8.00000     8.00000 |
|     8.00000     8.00000     8.00000     8.00000     8.00000     8.00000     8.00000     8.00000     8.00000 |
|     8.00000     8.00000     8.00000     8.00000     8.00000     8.00000     8.00000     8.00000     8.00000 |

|     8.00000     8.00000     8.00000     8.00000     8.00000     8.00000     8.00000     8.00000     8.00000 |
|     8.00000     8.00000     8.00000     8.00000     8.00000     8.00000     8.00000     8.00000     8.00000 |
|     8.00000     8.00000     8.00000     8.00000     8.00000     8.00000     8.00000     8.00000     8.00000 |











|     1.00000     1.00000     1.00000     1.00000     1.00000     1.00000     1.00000     1.00000     1.00000 |
|     1.00000     1.00000     1.00000     1.00000     1.00000     1.00000     1.00000     1.00000     1.00000 |
|     1.00000     1.00000     1.00000     1.00000     1.00000     1.00000     1.00000     1.00000     1.00000 |
|     2.00000     2.00000     2.00000     2.00000     2.00000     2.00000     2.00000     2.00000     2.00000 |
|     2.00000     2.00000     2.00000     2.00000     2.00000     2.00000     2.00000     2.00000     2.00000 |

|     1.00000     1.00000     1.00000     1.00000     1.00000     1.00000     1.00000     1.00000     1.00000 |
|     1.00000     1.00000     1.00000     1.00000     1.00000     1.00000     1.00000     1.00000     1.00000 |
|     1.00000     1.00000     1.00000     1.00000     1.00000     1.00000     1.00000     1.00000     1.00000 |
|     2.00000     2.00000     2.00000     2.00000     2.00000     2.00000     2.00000     2.00000     2.00000 |
|     2.00000     2.00000     2.00000     2.00000     2.00000     2.00000     2.00000     2.00000     2.00000 |

|     1.00000     1.00000     1.00000     1.00000     1.00000     1.00000     1.00000     1.00000     1.00000 |
|     1.00000     1.00000     1.00000     1.00000     1.00000     1.00000     1.00000     1.00000     1.00000 |
|     1.00000     1.00000     1.00000     1.00000     1.00000     1.00000     1.00000     1.00000     1.00000 |
|     2.00000     2.00000     2.00000     2.00000     2.00000     2.00000     2.00000     2.00000     2.00000 |
|     2.00000     2.00000     2.00000     2.00000     2.00000     2.00000     2.00000     2.00000     2.00000 |

|     3.00000     3.00000     3.00000     3.00000     3.00000     3.00000     3.00000     3.00000     3.00000 |
|     3.00000     3.00000     3.00000     3.00000     3.00000     3.00000     3.00000     3.00000     3.00000 |
|     3.00000     3.00000     3.00000     3.00000     3.00000     3.00000     3.00000     3.00000     3.00000 |
|     4.00000     4.00000     4.00000     4.00000     4.00000     4.00000     4.00000     4.00000     4.00000 |
|     4.00000     4.00000     4.00000     4.00000     4.00000     4.00000     4.00000     4.00000     4.00000 |

|     3.00000     3.00000     3.00000     3.00000     3.00000     3.00000     3.00000     3.00000     3.00000 |
|     3.00000     3.00000     3.00000     3.00000     3.00000     3.00000     3.00000     3.00000     3.00000 |
|     3.00000     3.00000     3.00000     3.00000     3.00000     3.00000     3.00000     3.00000     3.00000 |
|     4.00000     4.00000     4.00000     4.00000     4.00000     4.00000     4.00000     4.00000     4.00000 |
|     4.00000     4.00000     4.00000     4.00000     4.00000     4.00000     4.00000     4.00000     4.00000 |


|     1.00000     1.00000     1.00000     1.00000     1.00000     1.00000     1.00000     1.00000     1.00000 |
|     1.00000     1.00000     1.00000     1.00000     1.00000     1.00000     1.00000     1.00000     1.00000 |
|     1.00000     1.00000     1.00000     1.00000     1.00000     1.00000     1.00000     1.00000     1.00000 |
|     2.00000     2.00000     2.00000     2.00000     2.00000     2.00000     2.00000     2.00000     2.00000 |
|     2.00000     2.00000     2.00000     2.00000     2.00000     2.00000     2.00000     2.00000     2.00000 |

|     1.00000     1.00000     1.00000     1.00000     1.00000     1.00000     1.00000     1.00000     1.00000 |
|     1.00000     1.00000     1.00000     1.00000     1.00000     1.00000     1.00000     1.00000     1.00000 |
|     1.00000     1.00000     1.00000     1.00000     1.00000     1.00000     1.00000     1.00000     1.00000 |
|     2.00000     2.00000     2.00000     2.00000     2.00000     2.00000     2.00000     2.00000     2.00000 |
|     2.00000     2.00000     2.00000     2.00000     2.00000     2.00000     2.00000     2.00000     2.00000 |

|     1.00000     1.00000     1.00000     1.00000     1.00000     1.00000     1.00000     1.00000     1.00000 |
|     1.00000     1.00000     1.00000     1.00000     1.00000     1.00000     1.00000     1.00000     1.00000 |
|     1.00000     1.00000     1.00000     1.00000     1.00000     1.00000     1.00000     1.00000     1.00000 |
|     2.00000     2.00000     2.00000     2.00000     2.00000     2.00000     2.00000     2.00000     2.00000 |
|     2.00000     2.00000     2.00000     2.00000     2.00000     2.00000     2.00000     2.00000     2.00000 |

|     3.00000     3.00000     3.00000     3.00000     3.00000     3.00000     3.00000     3.00000     3.00000 |
|     3.00000     3.00000     3.00000     3.00000     3.00000     3.00000     3.00000     3.00000     3.00000 |
|     3.00000     3.00000     3.00000     3.00000     3.00000     3.00000     3.00000     3.00000     3.00000 |
|     4.00000     4.00000     4.00000     4.00000     4.00000     4.00000     4.00000     4.00000     4.00000 |
|     4.00000     4.00000     4.00000     4.00000     4.00000     4.00000     4.00000     4.00000     4.00000 |

|     3.00000     3.00000     3.00000     3.00000     3.00000     3.00000     3.00000     3.00000     3.00000 |
|     3.00000     3.00000     3.00000     3.00000     3.00000     3.00000     3.00000     3.00000     3.00000 |
|     3.00000     3.00000     3.00000     3.00000     3.00000     3.00000     3.00000     3.00000     3.00000 |
|     4.00000     4.00000     4.00000     4.00000     4.00000     4.00000     4.00000     4.00000     4.00000 |
|     4.00000     4.00000     4.00000     4.00000     4.00000     4.00000     4.00000     4.00000     4.00000 |


|     1.00000     1.00000     1.00000     1.00000     1.00000     1.00000     1.00000     1.00000     1.00000 |
|     1.00000     1.00000     1.00000     1.00000     1.00000     1.00000     1.00000     1.00000     1.00000 |
|     1.00000     1.00000     1.00000     1.00000     1.00000     1.00000     1.00000     1.00000     1.00000 |
|     2.00000     2.00000     2.00000     2.00000     2.00000     2.00000     2.00000     2.00000     2.00000 |
|     2.00000     2.00000     2.00000     2.00000     2.00000     2.00000     2.00000     2.00000     2.00000 |

|     1.00000     1.00000     1.00000     1.00000     1.00000     1.00000     1.00000     1.00000     1.00000 |
|     1.00000     1.00000     1.00000     1.00000     1.00000     1.00000     1.00000     1.00000     1.00000 |
|     1.00000     1.00000     1.00000     1.00000     1.00000     1.00000     1.00000     1.00000     1.00000 |
|     2.00000     2.00000     2.00000     2.00000     2.00000     2.00000     2.00000     2.00000     2.00000 |
|     2.00000     2.00000     2.00000     2.00000     2.00000     2.00000     2.00000     2.00000     2.00000 |

|     1.00000     1.00000     1.00000     1.00000     1.00000     1.00000     1.00000     1.00000     1.00000 |
|     1.00000     1.00000     1.00000     1.00000     1.00000     1.00000     1.00000     1.00000     1.00000 |
|     1.00000     1.00000     1.00000     1.00000     1.00000     1.00000     1.00000     1.00000     1.00000 |
|     2.00000     2.00000     2.00000     2.00000     2.00000     2.00000     2.00000     2.00000     2.00000 |
|     2.00000     2.00000     2.00000     2.00000     2.00000     2.00000     2.00000     2.00000     2.00000 |

|     3.00000     3.00000     3.00000     3.00000     3.00000     3.00000     3.00000     3.00000     3.00000 |
|     3.00000     3.00000     3.00000     3.00000     3.00000     3.00000     3.00000     3.00000     3.00000 |
|     3.00000     3.00000     3.00000     3.00000     3.00000     3.00000     3.00000     3.00000     3.00000 |
|     4.00000     4.00000     4.00000     4.00000     4.00000     4.00000     4.00000     4.00000     4.00000 |
|     4.00000     4.00000     4.00000     4.00000     4.00000     4.00000     4.00000     4.00000     4.00000 |

|     3.00000     3.00000     3.00000     3.00000     3.00000     3.00000     3.00000     3.00000     3.00000 |
|     3.00000     3.00000     3.00000     3.00000     3.00000     3.00000     3.00000     3.00000     3.00000 |
|     3.00000     3.00000     3.00000     3.00000     3.00000     3.00000     3.00000     3.00000     3.00000 |
|     4.00000     4.00000     4.00000     4.00000     4.00000     4.00000     4.00000     4.00000     4.00000 |
|     4.00000     4.00000     4.00000     4.00000     4.00000     4.00000     4.00000     4.00000     4.00000 |


|     5.00000     5.00000     5.00000     5.00000     5.00000     5.00000     5.00000     5.00000     5.00000 |
|     5.00000     5.00000     5.00000     5.00000     5.00000     5.00000     5.00000     5.00000     5.00000 |
|     5.00000     5.00000     5.00000     5.00000     5.00000     5.00000     5.00000     5.00000     5.00000 |
|     6.00000     6.00000     6.00000     6.00000     6.00000     6.00000     6.00000     6.00000     6.00000 |
|     6.00000     6.00000     6.00000     6.00000     6.00000     6.00000     6.00000     6.00000     6.00000 |

|     5.00000     5.00000     5.00000     5.00000     5.00000     5.00000     5.00000     5.00000     5.00000 |
|     5.00000     5.00000     5.00000     5.00000     5.00000     5.00000     5.00000     5.00000     5.00000 |
|     5.00000     5.00000     5.00000     5.00000     5.00000     5.00000     5.00000     5.00000     5.00000 |
|     6.00000     6.00000     6.00000     6.00000     6.00000     6.00000     6.00000     6.00000     6.00000 |
|     6.00000     6.00000     6.00000     6.00000     6.00000     6.00000     6.00000     6.00000     6.00000 |

|     5.00000     5.00000     5.00000     5.00000     5.00000     5.00000     5.00000     5.00000     5.00000 |
|     5.00000     5.00000     5.00000     5.00000     5.00000     5.00000     5.00000     5.00000     5.00000 |
|     5.00000     5.00000     5.00000     5.00000     5.00000     5.00000     5.00000     5.00000     5.00000 |
|     6.00000     6.00000     6.00000     6.00000     6.00000     6.00000     6.00000     6.00000     6.00000 |
|     6.00000     6.00000     6.00000     6.00000     6.00000     6.00000     6.00000     6.00000     6.00000 |

|     7.00000     7.00000     7.00000     7.00000     7.00000     7.00000     7.00000     7.00000     7.00000 |
|     7.00000     7.00000     7.00000     7.00000     7.00000     7.00000     7.00000     7.00000     7.00000 |
|     7.00000     7.00000     7.00000     7.00000     7.00000     7.00000     7.00000     7.00000     7.00000 |
|     8.00000     8.00000     8.00000     8.00000     8.00000     8.00000     8.00000     8.00000     8.00000 |
|     8.00000     8.00000     8.00000     8.00000     8.00000     8.00000     8.00000     8.00000     8.00000 |

|     7.00000     7.00000     7.00000     7.00000     7.00000     7.00000     7.00000     7.00000     7.00000 |
|     7.00000     7.00000     7.00000     7.00000     7.00000     7.00000     7.00000     7.00000     7.00000 |
|     7.00000     7.00000     7.00000     7.00000     7.00000     7.00000     7.00000     7.00000     7.00000 |
|     8.00000     8.00000     8.00000     8.00000     8.00000     8.00000     8.00000     8.00000     8.00000 |
|     8.00000     8.00000     8.00000     8.00000     8.00000     8.00000     8.00000     8.00000     8.00000 |


|     5.00000     5.00000     5.00000     5.00000     5.00000     5.00000     5.00000     5.00000     5.00000 |
|     5.00000     5.00000     5.00000     5.00000     5.00000     5.00000     5.00000     5.00000     5.00000 |
|     5.00000     5.00000     5.00000     5.00000     5.00000     5.00000     5.00000     5.00000     5.00000 |
|     6.00000     6.00000     6.00000     6.00000     6.00000     6.00000     6.00000     6.00000     6.00000 |
|     6.00000     6.00000     6.00000     6.00000     6.00000     6.00000     6.00000     6.00000     6.00000 |

|     5.00000     5.00000     5.00000     5.00000     5.00000     5.00000     5.00000     5.00000     5.00000 |
|     5.00000     5.00000     5.00000     5.00000     5.00000     5.00000     5.00000     5.00000     5.00000 |
|     5.00000     5.00000     5.00000     5.00000     5.00000     5.00000     5.00000     5.00000     5.00000 |
|     6.00000     6.00000     6.00000     6.00000     6.00000     6.00000     6.00000     6.00000     6.00000 |
|     6.00000     6.00000     6.00000     6.00000     6.00000     6.00000     6.00000     6.00000     6.00000 |

|     5.00000     5.00000     5.00000     5.00000     5.00000     5.00000     5.00000     5.00000     5.00000 |
|     5.00000     5.00000     5.00000     5.00000     5.00000     5.00000     5.00000     5.00000     5.00000 |
|     5.00000     5.00000     5.00000     5.00000     5.00000     5.00000     5.00000     5.00000     5.00000 |
|     6.00000     6.00000     6.00000     6.00000     6.00000     6.00000     6.00000     6.00000     6.00000 |
|     6.00000     6.00000     6.00000     6.00000     6.00000     6.00000     6.00000     6.00000     6.00000 |

|     7.00000     7.00000     7.00000     7.00000     7.00000     7.00000     7.00000     7.00000     7.00000 |
|     7.00000     7.00000     7.00000     7.00000     7.00000     7.00000     7.00000     7.00000     7.00000 |
|     7.00000     7.00000     7.00000     7.00000     7.00000     7.00000     7.00000     7.00000     7.00000 |
|     8.00000     8.00000     8.00000     8.00000     8.00000     8.00000     8.00000     8.00000     8.00000 |
|     8.00000     8.00000     8.00000     8.00000     8.00000     8.00000     8.00000     8.00000     8.00000 |

|     7.00000     7.00000     7.00000     7.00000     7.00000     7.00000     7.00000     7.00000     7.00000 |
|     7.00000     7.00000     7.00000     7.00000     7.00000     7.00000     7.00000     7.00000     7.00000 |
|     7.00000     7.00000     7.00000     7.00000     7.00000     7.00000     7.00000     7.00000     7.00000 |
|     8.00000     8.00000     8.00000     8.00000     8.00000     8.00000     8.00000     8.00000     8.00000 |
|     8.00000     8.00000     8.00000     8.00000     8.00000     8.00000     8.00000     8.00000     8.00000 |
